Original MDN
4.400000000000000022e-01,7.700000000000000178e-01,9.200000000000000400e-01
3.499999999999999778e-01,6.500000000000000222e-01,8.000000000000000444e-01
4.799999999999999822e-01,8.499999999999999778e-01,9.599999999999999645e-01
2.700000000000000178e-01,6.899999999999999467e-01,7.800000000000000266e-01
3.699999999999999956e-01,7.600000000000000089e-01,8.399999999999999689e-01
5.200000000000000178e-01,7.399999999999999911e-01,8.699999999999999956e-01
4.199999999999999845e-01,7.600000000000000089e-01,8.199999999999999512e-01
5.500000000000000444e-01,9.200000000000000400e-01,9.300000000000000488e-01
2.700000000000000178e-01,6.899999999999999467e-01,7.800000000000000266e-01
5.200000000000000178e-01,7.900000000000000355e-01,9.200000000000000400e-01
