Entropy MDN
4.099999999999999756e-01,8.100000000000000533e-01,9.399999999999999467e-01
4.699999999999999734e-01,7.299999999999999822e-01,8.399999999999999689e-01
4.699999999999999734e-01,8.299999999999999600e-01,9.000000000000000222e-01
3.200000000000000067e-01,6.800000000000000488e-01,8.599999999999999867e-01
5.999999999999999778e-01,8.100000000000000533e-01,9.300000000000000488e-01
3.900000000000000133e-01,7.700000000000000178e-01,8.900000000000000133e-01
4.600000000000000200e-01,7.800000000000000266e-01,8.800000000000000044e-01
4.400000000000000022e-01,7.500000000000000000e-01,8.599999999999999867e-01
4.600000000000000200e-01,6.600000000000000311e-01,8.100000000000000533e-01
5.500000000000000444e-01,7.900000000000000355e-01,8.800000000000000044e-01
