Entropy MDN
4.600000000000000200e-01,7.800000000000000266e-01,8.800000000000000044e-01
3.699999999999999956e-01,7.900000000000000355e-01,8.399999999999999689e-01
4.500000000000000111e-01,7.199999999999999734e-01,8.900000000000000133e-01
5.400000000000000355e-01,8.299999999999999600e-01,9.300000000000000488e-01
5.699999999999999512e-01,8.299999999999999600e-01,9.200000000000000400e-01
5.100000000000000089e-01,8.599999999999999867e-01,9.200000000000000400e-01
5.999999999999999778e-01,8.100000000000000533e-01,9.300000000000000488e-01
3.900000000000000133e-01,7.399999999999999911e-01,8.900000000000000133e-01
5.000000000000000000e-01,8.199999999999999512e-01,9.300000000000000488e-01
6.300000000000000044e-01,8.499999999999999778e-01,8.599999999999999867e-01
