Entropy MDN
4.199999999999999845e-01,8.000000000000000444e-01,8.900000000000000133e-01
3.800000000000000044e-01,7.800000000000000266e-01,9.000000000000000222e-01
4.099999999999999756e-01,8.100000000000000533e-01,9.399999999999999467e-01
3.300000000000000155e-01,7.900000000000000355e-01,9.300000000000000488e-01
3.699999999999999956e-01,6.400000000000000133e-01,7.900000000000000355e-01
4.600000000000000200e-01,7.800000000000000266e-01,8.800000000000000044e-01
5.300000000000000266e-01,8.100000000000000533e-01,8.800000000000000044e-01
5.699999999999999512e-01,7.500000000000000000e-01,8.900000000000000133e-01
5.600000000000000533e-01,7.900000000000000355e-01,9.000000000000000222e-01
4.600000000000000200e-01,7.500000000000000000e-01,9.000000000000000222e-01
