Original MDN
4.799999999999999822e-01,7.700000000000000178e-01,8.699999999999999956e-01
4.199999999999999845e-01,7.500000000000000000e-01,8.599999999999999867e-01
3.699999999999999956e-01,7.399999999999999911e-01,8.499999999999999778e-01
4.299999999999999933e-01,7.900000000000000355e-01,9.300000000000000488e-01
4.199999999999999845e-01,7.700000000000000178e-01,8.499999999999999778e-01
3.599999999999999867e-01,5.100000000000000089e-01,6.400000000000000133e-01
5.200000000000000178e-01,8.299999999999999600e-01,9.000000000000000222e-01
5.300000000000000266e-01,8.399999999999999689e-01,9.499999999999999556e-01
5.200000000000000178e-01,9.000000000000000222e-01,9.399999999999999467e-01
4.099999999999999756e-01,6.300000000000000044e-01,7.199999999999999734e-01
