0.155
0.172
0.166
0.183
0.150
0.177
0.153
0.166
0.161
0.177
0.177
0.158
0.166
0.139
0.169
0.158
0.144
0.144
0.177
0.161
0.188
0.142
0.183
0.180
0.147
0.180
0.158
0.150
0.177
0.183
0.199
0.136
0.163
0.185
0.185
0.153
0.166
0.153
0.142
0.185
0.174
0.172
0.169
0.169
0.163
0.153
0.172
0.196
0.199
0.185
0.196
0.169
0.177
0.161
0.169
0.166
0.142
0.150
0.172
0.174
0.142
0.139
0.144
0.185
0.153
0.174
0.202
0.174
0.153
0.163
0.169
0.155
0.158
0.169
0.199
0.172
0.144
0.169
0.153
0.161
0.158
0.166
0.177
0.153
0.172
0.153
0.144
0.172
0.155
0.180
0.142
0.166
0.150
0.153
0.153
0.202
0.136
0.158
0.172
0.174
0.166
0.144
0.153
0.177
0.180
0.161
0.174
0.139
0.147
0.180
0.150
0.180
0.153
0.180
0.188
0.180
0.166
0.172
0.199
0.158
0.153
0.191
0.147
0.166
0.199
0.180
0.142
0.183
0.174
0.153
0.166
0.185
0.142
0.188
0.180
0.180
0.158
0.158
0.144
0.199
0.166
0.161
0.172
0.163
0.161
0.174
0.196
0.183
0.169
0.136
0.150
0.161
0.174
0.177
0.161
0.147
0.180
0.169
0.158
0.144
0.163
0.199
0.177
0.166
0.169
0.180
0.166
0.177
0.177
0.174
0.142
0.142
0.177
0.144
0.153
0.172
0.172
0.144
0.161
0.174
0.183
0.163
0.153
0.147
0.172
0.144
0.161
0.166
0.161
0.161
0.158
0.158
0.174
0.174
0.177
0.174
0.153
0.153
0.163
0.150
0.153
0.158
0.144
0.180
0.166
0.150
0.169
0.202
0.158
0.169
0.153
0.172
0.172
0.166
0.150
0.144
0.180
0.161
0.142
0.172
0.180
0.180
0.150
0.161
0.174
0.153
0.158
0.153
0.166
0.150
0.174
0.174
0.166
0.158
0.185
0.180
0.166
0.169
0.153
0.142
0.172
0.196
0.147
0.180
0.169
0.158
0.180
0.174
0.144
0.158
0.174
0.180
0.169
0.139
0.136
0.144
0.161
0.142
0.191
0.144
0.166
0.180
0.158
0.163
0.158
0.142
0.153
0.139
0.169
0.144
0.150
0.163
0.150
0.155
0.188
0.161
0.180
0.172
0.169
0.180
0.153
0.155
0.177
0.153
0.196
0.144
0.144
0.153
0.166
0.174
0.177
0.144
0.177
0.174
0.174
0.153
0.174
0.177
0.177
0.202
0.144
0.153
0.163
0.158
0.191
0.166
0.177
0.191
0.150
0.169
0.183
0.202
0.188
0.180
0.153
0.144
0.142
0.147
0.153
0.180
0.150
0.169
0.163
0.191
0.153
0.155
0.199
0.147
0.202
0.174
0.177
0.150
0.144
0.155
0.166
0.169
0.163
0.180
0.153
0.177
0.153
0.174
0.166
0.180
0.161
0.153
0.144
0.158
0.166
0.174
0.150
0.180
0.153
0.169
0.153
0.185
0.166
0.177
0.158
0.144
0.172
0.169
0.153
0.144
0.158
0.180
0.169
0.144
0.147
0.174
0.199
0.169
0.180
0.180
0.150
0.169
0.169
0.161
0.142
0.163
0.142
0.158
0.142
0.144
0.150
0.158
0.153
0.153
0.153
0.163
0.199
0.172
0.158
0.177
0.153
0.174
0.155
0.191
0.177
0.144
0.161
0.180
0.163
0.163
0.180
0.177
0.147
0.144
0.166
0.147
0.153
