0.698
0.815
0.793
0.779
0.657
0.638
0.520
0.692
0.629
0.856
0.638
0.649
0.692
0.575
0.700
0.741
0.744
0.771
0.771
0.752
0.749
0.501
0.681
0.711
0.657
0.668
0.308
0.698
0.771
0.681
0.809
0.700
0.779
0.646
0.646
0.755
0.414
0.520
0.883
0.646
0.790
0.771
0.782
0.853
0.730
0.597
0.815
0.586
0.809
0.646
0.586
0.700
0.771
0.629
0.692
0.466
0.640
0.657
0.815
0.790
0.501
0.575
0.638
0.646
0.665
0.790
0.602
0.569
0.755
0.730
0.853
0.698
0.608
0.782
0.809
0.395
0.736
0.695
0.782
0.420
0.308
0.692
0.771
0.597
0.395
0.698
0.749
0.395
0.599
0.668
0.346
0.692
0.662
0.698
0.597
0.602
0.700
0.649
0.395
0.569
0.793
0.744
0.777
0.771
0.654
0.719
0.790
0.575
0.657
0.668
0.752
0.640
0.597
0.654
0.749
0.654
0.692
0.815
0.809
0.373
0.755
0.779
0.689
0.414
0.292
0.529
0.883
0.681
0.866
0.728
0.793
0.646
0.883
0.749
0.801
0.678
0.308
0.741
0.504
0.292
0.736
0.629
0.815
0.580
0.420
0.790
0.586
0.779
0.782
0.700
0.757
0.420
0.866
0.638
0.752
0.689
0.785
0.853
0.649
0.736
0.730
0.809
0.856
0.692
0.692
0.529
0.692
0.638
0.714
0.866
0.501
0.640
0.856
0.736
0.777
0.395
0.815
0.504
0.420
0.866
0.779
0.673
0.698
0.689
0.815
0.782
0.793
0.692
0.752
0.719
0.373
0.649
0.866
0.714
0.714
0.866
0.755
0.000
0.730
0.757
0.520
0.308
0.736
0.678
0.466
0.752
0.561
0.602
0.373
0.692
0.000
0.777
0.771
0.466
0.662
0.504
0.678
0.752
0.501
0.815
0.668
0.668
0.698
0.420
0.569
0.777
0.608
0.728
0.692
0.662
0.866
0.866
0.414
0.649
0.646
0.678
0.496
0.695
0.728
0.883
0.815
0.586
0.741
0.801
0.561
0.308
0.678
0.741
0.771
0.629
0.698
0.640
0.853
0.673
0.700
0.504
0.719
0.346
0.779
0.504
0.736
0.801
0.373
0.580
0.649
0.346
0.728
0.575
0.695
0.771
0.757
0.730
0.752
0.599
0.749
0.420
0.711
0.771
0.700
0.711
0.000
0.752
0.638
0.000
0.586
0.736
0.771
0.000
0.692
0.790
0.771
0.771
0.771
0.741
0.866
0.755
0.714
0.856
0.856
0.602
0.749
0.520
0.580
0.373
0.779
0.692
0.771
0.779
0.757
0.695
0.779
0.602
0.749
0.801
0.755
0.782
0.640
0.689
0.665
0.529
0.662
0.692
0.730
0.779
0.728
0.599
0.809
0.689
0.602
0.569
0.856
0.757
0.504
0.698
0.466
0.561
0.779
0.668
0.000
0.771
0.665
0.866
0.496
0.668
0.420
0.000
0.744
0.741
0.414
0.714
0.757
0.711
0.698
0.561
0.755
0.646
0.414
0.856
0.608
0.736
0.777
0.853
0.520
0.744
0.308
0.654
0.561
0.744
0.689
0.866
0.292
0.692
0.654
0.654
0.662
0.692
0.782
0.629
0.883
0.730
0.501
0.649
0.501
0.749
0.662
0.608
0.777
0.698
0.777
0.673
0.292
0.771
0.308
0.771
0.782
0.714
0.698
0.779
0.638
0.638
0.752
0.654
0.580
0.580
0.801
0.856
0.689
0.638
0.496
0.657
0.000
