0.809
0.817
0.817
0.807
0.662
0.817
0.668
0.657
0.831
0.790
0.817
0.790
0.760
0.670
0.777
0.741
0.853
0.676
0.643
0.676
0.755
0.406
0.738
0.752
0.711
0.594
0.411
0.847
0.643
0.738
0.891
0.820
0.796
0.736
0.736
0.000
0.357
0.668
0.760
0.736
0.678
0.755
0.771
0.638
0.768
0.357
0.817
0.736
0.891
0.736
0.736
0.777
0.643
0.831
0.531
0.711
0.755
0.662
0.817
0.678
0.406
0.670
0.719
0.736
0.638
0.678
0.828
0.550
0.000
0.768
0.638
0.809
0.826
0.771
0.891
0.670
0.768
0.820
0.793
0.398
0.411
0.760
0.643
0.357
0.670
0.474
0.681
0.670
0.632
0.594
0.597
0.760
0.809
0.474
0.357
0.828
0.820
0.790
0.670
0.550
0.817
0.853
0.798
0.643
0.668
0.708
0.678
0.670
0.711
0.594
0.738
0.856
0.357
0.668
0.755
0.668
0.657
0.817
0.891
0.610
0.000
0.856
0.730
0.357
0.583
0.747
0.760
0.738
0.542
0.875
0.817
0.736
0.760
0.755
0.845
0.681
0.411
0.741
0.610
0.583
0.730
0.831
0.817
0.665
0.398
0.678
0.736
0.807
0.771
0.820
0.670
0.398
0.542
0.817
0.676
0.730
0.809
0.638
0.790
0.768
0.768
0.891
0.790
0.657
0.531
0.747
0.657
0.905
0.798
0.542
0.406
0.755
0.790
0.768
0.798
0.670
0.817
0.610
0.398
0.542
0.807
0.760
0.474
0.730
0.817
0.728
0.706
0.657
0.676
0.708
0.610
0.790
0.542
0.752
0.798
0.542
0.000
0.640
0.768
0.670
0.668
0.411
0.768
0.681
0.711
0.738
0.717
0.828
0.610
0.531
0.640
0.700
0.755
0.711
0.809
0.610
0.681
0.676
0.406
0.817
0.594
0.594
0.847
0.398
0.550
0.798
0.826
0.875
0.657
0.809
0.542
0.542
0.357
0.790
0.736
0.681
0.771
0.820
0.875
0.760
0.817
0.736
0.774
0.845
0.717
0.411
0.681
0.771
0.676
0.861
0.779
0.856
0.638
0.654
0.820
0.610
0.708
0.597
0.856
0.610
0.730
0.845
0.610
0.665
0.790
0.597
0.875
0.670
0.820
0.676
0.670
0.768
0.738
0.632
0.755
0.398
0.752
0.755
0.777
0.752
0.640
0.809
0.905
0.766
0.736
0.768
0.676
0.766
0.760
0.678
0.643
0.676
0.643
0.771
0.542
0.000
0.752
0.790
0.790
0.828
0.681
0.668
0.665
0.610
0.856
0.760
0.643
0.856
0.670
0.820
0.807
0.828
0.755
0.845
0.000
0.728
0.755
0.730
0.638
0.747
0.809
0.531
0.768
0.856
0.875
0.632
0.891
0.730
0.828
0.550
0.790
0.670
0.610
0.809
0.711
0.717
0.796
0.594
0.640
0.643
0.638
0.542
0.771
0.594
0.398
0.766
0.853
0.741
0.357
0.752
0.670
0.752
0.474
0.717
0.000
0.736
0.357
0.790
0.826
0.768
0.700
0.638
0.668
0.853
0.411
0.668
0.717
0.853
0.730
0.542
0.583
0.531
0.668
0.668
0.809
0.531
0.771
0.831
0.760
0.768
0.406
0.790
0.406
0.681
0.809
0.826
0.798
0.474
0.798
0.760
0.583
0.755
0.411
0.643
0.793
0.752
0.809
0.856
0.817
0.719
0.676
0.668
0.665
0.665
0.845
0.790
0.730
0.719
0.771
0.711
0.640
