0.640
0.687
0.828
0.785
0.646
0.646
0.809
0.000
0.790
0.722
0.646
0.000
0.692
0.583
0.793
0.918
0.760
0.670
0.619
0.000
0.572
0.741
0.719
0.000
0.760
0.736
0.610
0.804
0.619
0.719
0.749
0.000
0.613
0.000
0.000
0.665
0.000
0.809
0.659
0.000
0.774
0.796
0.698
0.719
0.670
0.820
0.687
0.564
0.749
0.000
0.564
0.793
0.619
0.790
0.657
0.681
0.787
0.646
0.687
0.774
0.741
0.583
0.708
0.000
0.000
0.774
0.676
0.774
0.665
0.670
0.719
0.640
0.807
0.698
0.749
0.692
0.725
0.662
0.839
0.580
0.610
0.692
0.619
0.820
0.692
0.635
0.665
0.692
0.662
0.736
0.000
0.692
0.708
0.635
0.820
0.676
0.000
0.000
0.692
0.774
0.828
0.760
0.000
0.619
0.766
0.749
0.774
0.583
0.760
0.736
0.774
0.738
0.820
0.766
0.572
0.766
0.000
0.687
0.749
0.640
0.665
0.000
0.719
0.000
0.766
0.668
0.659
0.719
0.809
0.692
0.828
0.000
0.659
0.572
0.826
0.000
0.610
0.918
0.711
0.766
0.575
0.790
0.687
0.670
0.580
0.774
0.564
0.785
0.698
0.000
0.646
0.580
0.809
0.646
0.000
0.719
0.670
0.719
0.000
0.725
0.670
0.749
0.722
0.000
0.657
0.668
0.000
0.589
0.837
0.809
0.741
0.787
0.722
0.725
0.000
0.692
0.687
0.711
0.580
0.809
0.785
0.719
0.635
0.719
0.687
0.512
0.678
0.000
0.000
0.749
0.640
0.000
0.809
0.599
0.837
0.809
0.665
0.000
0.670
0.646
0.809
0.610
0.725
0.000
0.681
0.774
0.708
0.676
0.640
0.657
0.000
0.000
0.796
0.681
0.708
0.711
0.000
0.000
0.741
0.687
0.736
0.736
0.804
0.580
0.774
0.000
0.807
0.692
0.000
0.708
0.809
0.809
0.000
0.000
0.000
0.000
0.684
0.662
0.692
0.659
0.687
0.564
0.826
0.826
0.708
0.610
0.000
0.000
0.670
0.779
0.752
0.738
0.719
0.861
0.000
0.711
0.749
0.000
0.000
0.711
0.575
0.826
0.640
0.670
0.000
0.000
0.692
0.583
0.662
0.670
0.646
0.670
0.774
0.662
0.572
0.580
0.000
0.796
0.793
0.000
0.000
0.000
0.589
0.809
0.564
0.725
0.670
0.809
0.692
0.774
0.619
0.670
0.619
0.000
0.809
0.665
0.599
0.722
0.722
0.676
0.665
0.809
0.670
0.640
0.000
0.692
0.619
0.000
0.646
0.662
0.785
0.676
0.572
0.826
0.665
0.512
0.787
0.719
0.000
0.668
0.708
0.657
0.670
0.000
0.692
0.662
0.749
0.719
0.676
0.774
0.722
0.646
0.711
0.640
0.681
0.708
0.613
0.736
0.000
0.619
0.000
0.809
0.684
0.736
0.580
0.809
0.760
0.918
0.000
0.599
0.646
0.000
0.635
0.708
0.665
0.000
0.000
0.722
0.807
0.725
0.000
0.719
0.809
0.760
0.610
0.766
0.708
0.760
0.719
0.809
0.766
0.657
0.766
0.766
0.708
0.657
0.698
0.790
0.659
0.670
0.741
0.000
0.741
0.665
0.708
0.807
0.000
0.635
0.000
0.719
0.766
0.796
0.610
0.619
0.839
0.599
0.640
0.000
0.646
0.708
0.000
0.766
0.670
0.670
0.826
0.722
0.719
0.708
0.684
0.760
0.000
