0.545
0.545
0.632
0.586
0.569
0.447
0.267
0.469
0.431
0.324
0.447
0.687
0.719
0.673
0.657
0.640
0.313
0.777
0.529
0.368
0.692
0.319
0.779
0.619
0.578
0.553
0.474
0.793
0.529
0.779
0.706
0.670
0.643
0.531
0.531
0.610
0.512
0.267
0.640
0.531
0.474
0.649
0.338
0.730
0.561
0.676
0.545
0.678
0.706
0.531
0.678
0.657
0.529
0.431
0.717
0.501
0.722
0.569
0.545
0.474
0.319
0.673
0.763
0.531
0.466
0.474
0.659
0.572
0.610
0.561
0.730
0.545
0.422
0.338
0.706
0.621
0.687
0.243
0.659
0.362
0.474
0.719
0.529
0.676
0.621
0.390
0.545
0.621
0.599
0.553
0.673
0.719
0.368
0.390
0.676
0.659
0.670
0.687
0.621
0.572
0.632
0.313
0.687
0.529
0.354
0.610
0.474
0.673
0.578
0.553
0.722
0.512
0.676
0.354
0.692
0.354
0.469
0.545
0.706
0.564
0.610
0.406
0.695
0.512
0.460
0.308
0.640
0.779
0.371
0.711
0.632
0.531
0.640
0.692
0.728
0.744
0.474
0.640
0.000
0.460
0.311
0.431
0.545
0.610
0.362
0.474
0.678
0.586
0.338
0.670
0.689
0.362
0.371
0.447
0.368
0.695
0.319
0.730
0.687
0.687
0.561
0.706
0.324
0.469
0.717
0.308
0.469
0.390
0.485
0.371
0.319
0.722
0.324
0.687
0.687
0.621
0.545
0.000
0.362
0.371
0.586
0.760
0.390
0.695
0.545
0.548
0.681
0.469
0.368
0.610
0.564
0.687
0.371
0.471
0.485
0.371
0.610
0.316
0.561
0.689
0.267
0.474
0.687
0.744
0.501
0.722
0.439
0.659
0.564
0.717
0.316
0.790
0.649
0.501
0.368
0.000
0.744
0.368
0.319
0.545
0.553
0.553
0.793
0.362
0.572
0.687
0.422
0.711
0.469
0.368
0.371
0.371
0.512
0.687
0.531
0.744
0.613
0.243
0.711
0.640
0.545
0.678
0.681
0.728
0.439
0.474
0.744
0.638
0.777
0.332
0.730
0.512
0.730
0.717
0.670
0.000
0.610
0.673
0.406
0.000
0.311
0.728
0.564
0.610
0.687
0.673
0.711
0.673
0.243
0.777
0.689
0.561
0.722
0.599
0.692
0.362
0.619
0.649
0.657
0.619
0.316
0.804
0.390
0.392
0.678
0.687
0.777
0.392
0.719
0.474
0.529
0.777
0.529
0.638
0.371
0.610
0.471
0.324
0.324
0.659
0.545
0.267
0.610
0.564
0.406
0.719
0.529
0.406
0.689
0.243
0.586
0.659
0.692
0.728
0.610
0.548
0.722
0.695
0.466
0.308
0.368
0.717
0.561
0.406
0.711
0.599
0.706
0.695
0.659
0.572
0.324
0.689
0.000
0.545
0.501
0.439
0.643
0.553
0.316
0.529
0.466
0.371
0.613
0.553
0.362
0.392
0.313
0.640
0.512
0.471
0.689
0.619
0.390
0.439
0.610
0.531
0.512
0.324
0.422
0.687
0.790
0.730
0.267
0.313
0.474
0.354
0.439
0.313
0.695
0.371
0.460
0.717
0.354
0.354
0.368
0.717
0.338
0.431
0.640
0.561
0.319
0.687
0.319
0.545
0.368
0.422
0.687
0.390
0.687
0.760
0.460
0.649
0.474
0.529
0.659
0.471
0.545
0.406
0.447
0.763
0.368
0.354
0.610
0.610
0.728
0.324
0.695
0.763
0.613
0.578
0.316
