0.050
0.050
0.030
0.050
0.040
0.030
0.020
0.030
0.040
0.060
0.030
0.030
0.040
0.030
0.030
0.040
0.030
0.050
0.030
0.030
0.080
0.020
0.040
0.050
0.040
0.030
0.050
0.080
0.080
0.100
0.050
0.040
0.040
0.050
0.050
0.060
0.050
0.080
0.030
0.050
0.060
0.030
0.060
0.030
0.100
0.050
0.070
0.060
0.020
0.030
0.060
0.050
0.060
0.050
0.110
0.060
0.040
0.050
0.060
0.030
0.040
0.070
0.040
0.030
0.080
0.050
0.020
0.040
0.040
0.050
0.090
0.050
0.030
0.050
0.040
0.050
0.050
0.080
0.050
0.030
0.020
0.050
0.040
0.060
0.030
0.110
0.030
0.030
0.050
0.030
0.060
0.050
0.040
0.040
0.030
0.060
0.050
0.060
0.040
0.050
0.050
0.020
0.060
0.020
0.050
0.050
0.030
0.030
0.100
0.060
0.030
0.050
0.040
0.070
0.050
0.040
0.020
0.050
0.070
0.040
0.050
0.050
0.040
0.050
0.030
0.040
0.040
0.050
0.050
0.030
0.040
0.030
0.040
0.040
0.040
0.040
0.030
0.070
0.060
0.080
0.060
0.050
0.020
0.080
0.040
0.050
0.040
0.020
0.020
0.030
0.040
0.050
0.050
0.030
0.030
0.020
0.020
0.050
0.070
0.110
0.030
0.050
0.060
0.030
0.080
0.030
0.050
0.060
0.070
0.050
0.040
0.040
0.050
0.050
0.060
0.030
0.040
0.030
0.050
0.040
0.030
0.040
0.050
0.020
0.040
0.030
0.060
0.050
0.030
0.060
0.080
0.040
0.050
0.080
0.030
0.050
0.080
0.030
0.060
0.050
0.030
0.060
0.050
0.060
0.040
0.040
0.080
0.030
0.050
0.030
0.070
0.040
0.070
0.030
0.030
0.050
0.080
0.030
0.060
0.050
0.060
