0.160
0.130
0.140
0.190
0.110
0.150
0.130
0.150
0.180
0.180
0.160
0.110
0.130
0.150
0.150
0.120
0.170
0.110
0.110
0.140
0.110
0.130
0.160
0.120
0.190
0.140
0.100
0.110
0.160
0.100
0.190
0.160
0.100
0.140
0.120
0.150
0.130
0.190
0.140
0.120
0.150
0.160
0.160
0.150
0.110
0.120
0.130
0.110
0.180
0.110
0.180
0.100
0.150
0.150
0.170
0.110
0.180
0.120
0.160
0.170
0.110
0.060
0.180
0.170
0.160
0.120
0.130
0.140
0.120
0.150
0.120
0.130
0.150
0.140
0.100
0.150
0.210
0.140
0.160
0.140
0.160
0.140
0.080
0.150
0.160
0.170
0.170
0.120
0.160
0.110
0.180
0.140
0.180
0.160
0.160
0.080
0.130
0.060
0.190
0.160
0.120
0.160
0.160
0.160
0.170
0.130
0.170
0.120
0.100
0.080
0.150
0.170
0.180
0.080
0.160
0.170
0.110
0.080
0.130
0.160
0.160
0.160
0.180
0.150
0.140
0.160
0.160
0.080
0.120
0.150
0.100
0.110
0.190
0.080
0.140
0.170
0.110
0.060
0.130
0.140
0.110
0.170
0.110
0.140
0.080
0.170
0.140
0.130
0.130
0.150
0.190
0.110
0.190
0.140
0.160
0.130
0.130
0.140
0.080
0.170
0.170
0.110
0.170
0.140
0.110
0.110
0.170
0.190
0.120
0.100
0.100
0.110
0.110
0.160
0.160
0.120
0.190
0.140
0.150
0.160
0.150
0.110
0.140
0.110
0.170
0.110
0.190
0.120
0.150
0.190
0.140
0.080
0.140
0.160
0.120
0.160
0.160
0.160
0.060
0.140
0.160
0.180
0.170
0.150
0.070
0.080
0.140
0.140
0.170
0.110
0.130
0.160
0.130
0.120
0.120
0.150
0.110
0.150
0.060
0.150
0.110
