0.240
0.200
0.220
0.240
0.160
0.250
0.220
0.180
0.260
0.210
0.200
0.230
0.200
0.250
0.250
0.170
0.140
0.170
0.150
0.210
0.130
0.220
0.180
0.210
0.110
0.230
0.190
0.130
0.200
0.210
0.240
0.180
0.140
0.180
0.230
0.210
0.180
0.230
0.220
0.150
0.210
0.200
0.190
0.250
0.180
0.180
0.170
0.140
0.230
0.150
0.210
0.190
0.210
0.200
0.210
0.140
0.260
0.180
0.170
0.140
0.180
0.140
0.260
0.140
0.200
0.230
0.140
0.170
0.170
0.180
0.240
0.180
0.180
0.180
0.150
0.200
0.220
0.210
0.240
0.220
0.210
0.180
0.200
0.210
0.150
0.210
0.140
0.180
0.240
0.230
0.210
0.220
0.260
0.180
0.200
0.160
0.200
0.150
0.110
0.180
0.210
0.210
0.170
0.210
0.170
0.200
0.140
0.200
0.210
0.160
0.180
0.240
0.260
0.150
0.180
0.160
0.190
0.160
0.170
0.180
0.180
0.240
0.260
0.180
0.180
0.180
0.180
0.160
0.150
0.250
0.140
0.180
0.110
0.210
0.170
0.160
0.180
0.140
0.120
0.210
0.140
0.240
0.180
0.210
0.200
0.170
0.170
0.240
0.220
0.150
0.110
0.170
0.240
0.190
0.150
0.140
0.220
0.180
0.210
0.210
0.140
0.170
0.150
0.210
0.130
0.150
0.240
0.130
0.160
0.190
0.140
0.180
0.170
0.180
0.170
0.230
0.110
0.230
0.200
0.180
0.250
0.160
0.220
0.180
0.160
0.150
0.130
0.230
0.250
0.130
0.210
0.200
0.160
0.200
0.180
0.180
0.200
0.150
0.150
0.160
0.200
0.210
0.240
0.210
0.200
0.200
0.190
0.220
0.240
0.150
0.170
0.180
0.190
0.230
0.200
0.180
0.130
0.180
0.150
0.200
0.140
