0.200
0.170
0.140
0.170
0.180
0.230
0.110
0.130
0.220
0.140
0.160
0.120
0.200
0.230
0.250
0.110
0.190
0.170
0.200
0.150
0.120
0.110
0.250
0.190
0.140
0.200
0.120
0.120
0.280
0.180
0.170
0.250
0.110
0.180
0.220
0.180
0.120
0.170
0.140
0.160
0.180
0.160
0.210
0.230
0.230
0.230
0.160
0.120
0.190
0.200
0.140
0.120
0.180
0.220
0.220
0.120
0.220
0.170
0.220
0.190
0.180
0.140
0.220
0.190
0.280
0.220
0.170
0.220
0.110
0.170
0.170
0.120
0.130
0.180
0.190
0.220
0.160
0.180
0.200
0.180
0.210
0.150
0.130
0.180
0.180
0.220
0.190
0.170
0.200
0.120
0.140
0.100
0.220
0.180
0.160
0.150
0.170
0.180
0.140
0.190
0.190
0.210
0.220
0.210
0.230
0.170
0.190
0.180
0.180
0.150
0.130
0.230
0.220
0.250
0.190
0.210
0.160
0.220
0.160
0.180
0.190
0.200
0.220
0.170
0.240
0.180
0.250
0.220
0.160
0.250
0.110
0.200
0.140
0.150
0.220
0.210
0.200
0.140
0.150
0.180
0.120
0.230
0.190
0.180
0.130
0.230
0.220
0.210
0.110
0.150
0.140
0.170
0.170
0.170
0.180
0.170
0.110
0.180
0.170
0.220
0.190
0.170
0.220
0.150
0.120
0.200
0.230
0.150
0.170
0.120
0.110
0.180
0.170
0.190
0.220
0.220
0.140
0.200
0.220
0.180
0.250
0.180
0.100
0.190
0.210
0.200
0.150
0.180
0.230
0.150
0.180
0.130
0.140
0.280
0.170
0.190
0.280
0.180
0.180
0.140
0.160
0.140
0.230
0.180
0.150
0.130
0.150
0.140
0.230
0.200
0.160
0.250
0.230
0.220
0.180
0.170
0.120
0.130
0.180
0.220
0.120
