0.240
0.190
0.150
0.240
0.240
0.190
0.240
0.220
0.250
0.180
0.200
0.190
0.150
0.240
0.200
0.270
0.190
0.200
0.230
0.190
0.230
0.250
0.170
0.240
0.210
0.200
0.260
0.240
0.190
0.190
0.320
0.170
0.230
0.230
0.230
0.190
0.280
0.200
0.180
0.290
0.160
0.240
0.210
0.220
0.200
0.140
0.230
0.230
0.220
0.240
0.230
0.250
0.180
0.210
0.170
0.190
0.170
0.170
0.260
0.280
0.170
0.240
0.210
0.190
0.210
0.240
0.200
0.190
0.230
0.200
0.190
0.170
0.150
0.220
0.240
0.170
0.260
0.150
0.210
0.230
0.260
0.260
0.190
0.190
0.230
0.150
0.200
0.230
0.180
0.190
0.190
0.170
0.150
0.200
0.250
0.270
0.160
0.230
0.320
0.210
0.160
0.240
0.180
0.140
0.220
0.240
0.220
0.220
0.280
0.230
0.190
0.280
0.240
0.140
0.220
0.230
0.180
0.250
0.190
0.200
0.170
0.140
0.280
0.230
0.180
0.220
0.190
0.220
0.210
0.240
0.180
0.260
0.170
0.190
0.270
