0.130
0.160
0.170
0.110
0.180
0.120
0.200
0.180
0.190
0.150
0.140
0.170
0.170
0.120
0.160
0.150
0.170
0.100
0.110
0.130
0.130
0.180
0.120
0.170
0.120
0.180
0.140
0.110
0.150
0.130
0.190
0.130
0.110
0.140
0.130
0.150
0.160
0.140
0.100
0.100
0.120
0.110
0.140
0.160
0.150
0.130
0.130
0.160
0.200
0.110
0.100
0.180
0.160
0.140
0.130
0.170
0.130
0.120
0.140
0.140
0.120
0.180
0.120
0.170
0.140
0.110
0.150
0.180
0.110
0.140
0.160
0.240
0.110
0.130
0.200
0.190
0.190
0.170
0.120
0.130
0.160
0.190
0.230
0.150
0.110
0.150
0.140
0.130
0.160
0.180
0.180
0.250
0.150
0.140
0.180
0.150
0.140
0.110
0.190
0.170
0.110
0.110
0.100
0.130
0.180
0.180
0.160
0.190
0.200
0.130
0.150
0.140
0.180
0.130
0.180
0.110
0.150
0.110
0.150
0.160
0.240
0.130
0.160
0.110
0.140
0.200
0.160
0.130
0.140
0.170
0.160
0.140
0.190
0.160
0.150
