0.240
0.250
0.200
0.200
0.160
0.220
0.220
0.160
0.210
0.210
0.200
0.170
0.200
0.210
0.150
0.200
0.160
0.140
0.150
0.180
0.150
0.190
0.250
0.220
0.240
0.250
0.190
0.200
0.170
0.240
0.140
0.130
0.150
0.150
0.150
0.170
0.190
0.280
0.210
0.190
0.140
0.210
0.230
0.160
0.250
0.140
0.150
0.190
0.210
0.200
0.130
0.190
0.260
0.230
0.130
0.170
0.130
0.160
0.190
0.160
0.250
0.210
0.240
0.160
0.230
0.200
0.250
0.230
0.150
0.200
0.250
0.260
0.180
0.200
0.220
0.260
0.170
0.200
0.240
0.140
0.170
0.170
0.150
0.240
0.150
0.200
0.280
0.110
0.150
0.230
0.230
0.280
0.200
0.150
0.140
0.200
0.230
0.150
0.140
0.150
0.140
0.210
0.210
0.140
0.160
0.160
0.160
0.200
0.140
0.150
0.170
0.160
0.210
0.140
0.160
0.150
0.210
0.190
0.170
0.150
0.260
0.140
0.190
0.150
0.230
0.210
0.170
0.200
0.230
0.220
0.150
0.190
0.190
0.250
0.200
