0.120
0.080
0.090
0.080
0.070
0.120
0.090
0.120
0.090
0.120
0.100
0.060
0.090
0.080
0.090
0.080
0.110
0.060
0.130
0.110
0.050
0.090
0.110
0.130
0.100
0.100
0.110
0.080
0.060
0.100
0.090
0.100
0.130
0.100
0.050
0.060
0.110
0.120
0.100
0.140
0.120
0.110
0.110
0.070
0.130
0.100
0.050
0.100
0.110
0.080
0.120
0.090
0.090
0.110
0.100
0.060
0.100
0.100
0.110
0.090
0.110
0.040
0.100
0.110
0.110
0.080
0.130
0.090
0.130
0.100
0.080
0.160
0.080
0.100
0.090
0.070
0.060
0.090
0.100
0.080
0.140
0.060
0.110
0.050
0.130
0.080
0.120
0.100
0.100
0.090
0.090
0.150
0.080
0.130
0.110
0.080
0.140
0.130
0.090
0.070
0.090
0.110
0.100
0.100
0.120
0.070
0.070
0.130
0.110
0.050
0.060
0.090
0.040
0.100
0.120
0.130
0.120
0.100
0.060
0.090
0.160
0.100
0.110
0.130
0.120
0.110
0.090
0.100
0.110
0.130
0.100
0.110
0.100
0.080
0.080
