0.130
0.120
0.120
0.210
0.160
0.120
0.200
0.110
0.140
0.150
0.140
0.140
0.170
0.150
0.170
0.140
0.160
0.130
0.150
0.200
0.150
0.180
0.140
0.200
0.190
0.160
0.160
0.100
0.120
0.160
0.140
0.210
0.150
0.180
0.170
0.140
0.100
0.180
0.130
0.120
0.120
0.150
0.090
0.120
0.090
0.160
0.130
0.140
0.080
0.130
0.170
0.120
0.150
0.160
0.110
0.170
0.180
0.220
0.190
0.130
0.100
0.150
0.110
0.140
0.110
0.140
0.110
0.170
0.110
0.150
0.140
0.150
0.130
0.100
0.150
0.150
0.210
0.120
0.120
0.220
0.120
0.150
0.100
0.120
0.170
0.190
0.200
0.090
0.140
0.140
0.140
0.140
0.180
0.090
0.120
0.180
0.140
0.120
0.130
0.200
0.120
0.140
0.140
0.140
0.130
0.180
0.150
0.120
0.210
0.100
0.110
0.130
0.180
0.170
0.170
0.200
0.180
0.130
0.120
0.210
0.200
0.140
0.120
0.120
0.100
0.150
0.180
0.150
0.090
0.200
0.130
0.120
0.220
0.130
0.220
0.140
0.090
0.130
0.200
0.140
0.210
0.150
0.150
0.170
0.120
0.100
0.110
0.130
0.150
0.130
0.150
0.160
0.130
0.150
0.140
0.180
0.150
0.180
0.110
0.210
0.150
0.090
0.150
0.150
0.210
0.140
0.140
0.170
0.210
0.120
0.170
0.180
0.170
0.130
0.200
0.140
0.210
0.140
0.180
0.160
0.120
0.130
0.210
0.130
0.100
0.120
0.130
0.200
0.160
0.140
0.180
0.110
0.130
0.120
0.120
0.150
0.120
0.210
0.130
0.150
0.140
0.190
0.140
0.100
0.120
0.160
0.170
0.200
