0.270
0.210
0.240
0.290
0.280
0.200
0.270
0.290
0.200
0.310
0.270
0.330
0.220
0.300
0.250
0.270
0.250
0.200
0.240
0.270
0.250
0.280
0.260
0.270
0.270
0.290
0.360
0.300
0.240
0.290
0.250
0.290
0.270
0.150
0.250
0.230
0.360
0.150
0.300
0.270
0.220
0.250
0.200
0.210
0.200
0.250
0.290
0.200
0.260
0.310
0.250
0.270
0.270
0.360
0.290
0.310
0.330
0.310
0.300
0.240
0.360
0.250
0.290
0.250
0.280
0.250
0.240
0.310
0.310
0.250
0.260
0.270
0.380
0.270
0.270
0.250
0.200
0.290
0.270
0.330
0.200
0.240
0.300
0.220
0.220
0.270
0.310
0.220
0.200
0.200
0.320
0.320
0.200
0.230
0.270
0.260
0.270
0.340
0.380
0.270
0.290
0.330
0.200
0.250
0.260
0.250
0.240
0.300
0.290
0.270
0.240
0.380
0.220
0.340
0.310
0.270
0.250
0.210
0.280
0.300
0.270
0.250
0.270
0.220
0.360
0.240
0.250
0.270
0.200
0.270
0.290
0.270
0.330
0.200
0.330
0.200
0.220
0.270
0.340
0.330
0.190
0.300
0.240
0.250
0.300
0.360
0.240
0.260
0.240
0.200
0.250
0.360
0.240
0.240
0.330
0.330
0.310
0.200
0.240
0.200
0.250
0.230
0.230
0.250
0.190
0.250
0.330
0.280
0.300
0.220
0.220
0.220
0.310
0.300
0.310
0.330
0.300
0.320
0.200
0.290
0.270
0.270
0.260
0.280
0.270
0.240
0.270
0.270
0.250
0.270
0.330
0.310
0.240
0.300
0.250
0.240
0.240
0.290
0.290
0.250
0.200
0.300
0.200
0.300
0.290
0.250
0.220
0.310
