0.390
0.420
0.330
0.440
0.520
0.420
0.380
0.430
0.460
0.370
0.370
0.340
0.440
0.410
0.460
0.390
0.450
0.470
0.380
0.500
0.470
0.390
0.450
0.360
0.420
0.430
0.410
0.420
0.330
0.430
0.360
0.390
0.380
0.420
0.460
0.400
0.490
0.420
0.430
0.360
0.430
0.370
0.420
0.420
0.420
0.450
0.460
0.460
0.380
0.490
0.460
0.410
0.460
0.410
0.430
0.400
0.380
0.480
0.400
0.400
0.490
0.470
0.430
0.470
0.420
0.470
0.430
0.400
0.470
0.400
0.450
0.460
0.480
0.420
0.460
0.470
0.420
0.410
0.410
0.440
0.420
0.430
0.420
0.430
0.440
0.420
0.460
0.420
0.460
0.400
0.450
0.450
0.330
0.390
0.410
0.470
0.370
0.440
0.480
0.500
0.550
0.340
0.460
0.500
0.410
0.390
0.380
0.370
0.440
0.420
0.430
0.480
0.420
0.470
0.400
0.380
0.390
0.390
0.410
0.420
0.500
0.470
0.360
0.430
0.490
0.430
0.390
0.380
0.420
0.380
0.460
0.360
0.440
0.470
0.440
0.400
0.420
0.390
0.370
0.340
0.390
0.410
0.430
0.460
0.400
0.490
0.430
0.410
0.430
0.470
0.470
0.410
0.400
0.380
0.340
0.380
0.370
0.330
0.430
0.420
0.370
0.390
0.430
0.370
0.390
0.500
0.340
0.440
0.420
0.430
0.440
0.420
0.400
0.430
0.460
0.340
0.420
0.450
0.330
0.430
0.410
0.390
0.480
0.370
0.420
0.330
0.390
0.500
0.450
0.390
0.380
0.470
0.370
0.370
0.410
0.430
0.330
0.440
0.480
0.400
0.400
0.400
0.460
0.420
0.550
0.450
0.440
0.460
