0.370
0.510
0.450
0.440
0.450
0.450
0.420
0.400
0.380
0.420
0.410
0.440
0.470
0.420
0.410
0.380
0.470
0.420
0.390
0.390
0.380
0.360
0.370
0.460
0.360
0.380
0.420
0.400
0.450
0.380
0.410
0.400
0.390
0.370
0.410
0.370
0.410
0.370
0.340
0.340
0.430
0.380
0.440
0.510
0.440
0.470
0.390
0.380
0.440
0.440
0.410
0.430
0.410
0.420
0.400
0.420
0.370
0.310
0.430
0.380
0.410
0.380
0.400
0.420
0.390
0.420
0.420
0.420
0.440
0.340
0.370
0.410
0.340
0.450
0.410
0.380
0.440
0.370
0.430
0.470
0.450
0.420
0.400
0.430
0.470
0.360
0.330
0.420
0.380
0.410
0.340
0.340
0.390
0.350
0.430
0.450
0.410
0.360
0.340
0.390
0.480
0.440
0.380
0.380
0.380
0.390
0.390
0.390
0.440
0.450
0.420
0.340
0.360
0.420
0.420
0.420
0.390
0.390
0.410
0.370
0.390
0.420
0.340
0.430
0.410
0.420
0.390
0.390
0.440
0.420
0.390
0.340
0.470
0.420
0.470
0.410
0.420
0.370
0.340
0.440
0.420
0.420
0.420
0.410
0.380
0.410
0.420
0.380
0.420
0.420
0.380
0.420
0.380
0.390
0.440
0.370
0.420
0.390
0.420
0.440
0.380
0.350
0.410
0.380
0.420
0.380
0.440
0.410
0.370
0.430
0.470
0.360
0.420
0.340
0.330
0.440
0.370
0.340
0.390
0.380
0.430
0.370
0.400
0.430
0.450
0.450
0.370
0.390
0.470
0.380
0.370
0.440
0.330
0.390
0.410
0.420
0.450
0.440
0.400
0.340
0.410
0.430
0.380
0.400
0.480
0.470
0.470
0.330
