0.470
0.410
0.410
0.430
0.430
0.450
0.440
0.380
0.340
0.410
0.410
0.470
0.380
0.440
0.350
0.450
0.410
0.370
0.390
0.410
0.410
0.420
0.390
0.420
0.430
0.360
0.370
0.440
0.410
0.360
0.440
0.510
0.420
0.380
0.350
0.410
0.510
0.380
0.420
0.360
0.440
0.410
0.420
0.410
0.420
0.410
0.390
0.340
0.390
0.450
0.350
0.410
0.470
0.370
0.380
0.460
0.410
0.380
0.460
0.430
0.510
0.410
0.380
0.410
0.450
0.410
0.420
0.460
0.440
0.390
0.390
0.470
0.440
0.390
0.470
0.410
0.400
0.440
0.410
0.450
0.450
0.410
0.440
0.440
0.380
0.430
0.440
0.420
0.340
0.460
0.440
0.440
0.410
0.440
0.410
0.400
0.410
0.420
0.440
0.410
0.440
0.470
0.340
0.320
0.340
0.550
0.390
0.410
0.430
0.390
0.420
0.440
0.430
0.490
0.460
0.440
0.550
0.370
0.410
0.370
0.410
0.410
0.360
0.440
0.510
0.410
0.550
0.420
0.420
0.440
0.390
0.360
0.450
0.370
0.450
0.460
0.420
0.470
0.450
0.470
0.370
0.440
0.410
0.350
0.360
0.510
0.420
0.340
0.410
0.370
0.410
0.370
0.430
0.390
0.470
0.410
0.410
0.410
0.420
0.400
0.410
0.440
0.380
0.410
0.370
0.320
0.470
0.380
0.370
0.440
0.380
0.430
0.460
0.420
0.440
0.470
0.370
0.440
0.410
0.360
0.410
0.470
0.490
0.430
0.390
0.410
0.470
0.410
0.410
0.450
0.410
0.440
0.370
0.410
0.400
0.410
0.410
0.430
0.460
0.390
0.460
0.460
0.340
0.440
0.440
0.410
0.380
0.440
