0.108
0.133
0.114
0.102
0.151
0.139
0.123
0.114
0.151
0.086
0.148
0.133
0.114
0.130
0.160
0.151
0.164
0.127
0.136
0.142
0.148
0.133
0.114
0.151
0.127
0.130
0.133
0.127
0.136
0.139
0.157
0.130
0.142
0.130
0.136
0.139
0.142
0.160
0.164
0.154
0.151
0.148
0.133
0.151
0.145
0.139
0.136
0.151
0.139
0.130
0.133
0.142
0.117
0.136
0.123
0.133
0.117
0.136
0.136
0.151
0.127
0.148
0.133
0.164
0.136
0.139
0.117
0.139
0.136
0.136
0.145
0.133
0.130
0.139
0.136
0.139
0.151
0.130
0.123
0.127
0.139
0.117
0.130
0.151
0.130
0.151
0.145
0.123
0.127
0.139
0.148
0.154
0.133
0.127
0.108
0.136
0.151
0.130
0.117
0.139
0.114
0.133
0.133
0.133
0.123
0.108
0.127
0.099
0.130
0.130
0.151
0.114
0.130
0.114
0.130
0.139
0.154
0.136
0.170
0.167
0.139
0.130
0.114
0.133
0.102
0.127
0.114
0.145
0.142
0.145
0.133
0.170
0.136
0.114
0.114
0.151
0.117
0.139
0.139
0.170
0.151
0.148
0.133
0.127
0.139
0.167
0.139
0.139
0.167
0.136
0.136
0.102
0.139
0.127
0.142
0.167
0.136
0.130
0.170
0.164
0.145
0.136
0.136
0.133
0.123
0.160
0.133
0.117
0.130
0.139
0.151
0.164
0.142
0.127
0.120
0.133
0.151
0.099
0.102
0.114
0.142
0.136
0.133
0.139
0.130
0.151
0.148
0.127
0.136
0.117
0.164
0.154
0.142
0.123
0.164
0.130
0.139
0.170
0.133
0.130
0.136
0.102
0.114
0.160
0.102
0.151
0.139
0.139
0.142
0.139
0.139
0.164
0.127
0.142
0.160
0.102
0.123
0.145
0.148
0.114
0.136
0.139
0.130
0.123
0.170
0.114
0.136
0.151
0.139
0.154
0.102
0.151
0.160
0.102
0.164
0.136
0.133
0.142
0.130
0.086
0.127
0.133
0.142
0.108
0.120
0.117
0.130
0.130
0.139
0.133
0.139
0.142
0.127
0.148
0.102
0.130
0.133
0.130
0.148
0.130
0.173
0.108
0.123
0.114
0.127
0.139
0.142
0.123
0.099
0.120
0.148
0.114
0.148
0.145
0.170
0.136
0.136
0.130
0.157
