0.747
0.596
0.836
0.765
0.611
0.651
0.639
0.509
0.642
0.756
0.682
0.543
0.651
0.593
0.599
0.336
0.617
0.691
0.583
0.710
0.664
0.463
0.836
0.336
0.460
0.682
0.704
0.460
0.784
0.769
0.716
0.593
0.620
0.478
0.648
0.633
0.670
0.775
0.617
0.614
0.336
0.747
0.596
0.336
0.377
0.410
0.664
0.611
0.769
0.481
0.704
0.670
0.512
0.664
0.284
0.596
0.512
0.784
0.716
0.694
0.444
0.735
0.657
0.617
0.716
0.651
0.627
0.577
0.583
0.309
0.503
0.704
0.478
0.605
0.568
0.651
0.611
0.596
0.639
0.691
0.577
0.315
0.614
0.336
0.593
0.611
0.503
0.617
0.710
0.769
0.664
0.614
0.657
0.460
0.747
0.262
0.608
0.614
0.627
0.651
0.534
0.704
0.657
0.543
0.639
0.747
0.460
0.694
0.475
0.627
0.639
0.809
0.481
0.651
0.605
0.633
0.614
0.568
0.321
0.481
0.769
0.614
0.509
0.463
0.765
0.691
0.809
0.503
0.670
0.503
0.630
0.321
0.648
0.836
0.534
0.639
0.627
0.617
0.633
0.321
0.642
0.664
0.636
0.645
0.410
0.481
0.633
0.577
0.481
0.262
0.648
0.664
0.633
0.673
0.620
0.481
0.648
0.617
0.321
0.617
0.503
0.568
0.642
0.543
0.617
0.599
0.630
0.315
0.475
0.769
0.694
0.608
0.670
0.460
0.769
0.722
0.639
0.694
0.664
0.509
0.670
0.642
0.657
0.410
0.707
0.623
0.735
0.460
0.568
0.562
0.608
0.614
0.670
0.617
0.617
0.682
0.531
0.321
0.704
0.614
0.642
0.765
0.710
0.599
0.664
0.642
0.651
0.410
0.710
0.769
0.605
0.608
0.444
0.620
0.599
0.664
0.648
0.648
0.577
0.809
0.648
0.531
0.627
0.617
0.321
0.836
0.716
0.694
0.531
0.614
0.664
0.639
0.707
0.664
0.608
0.309
0.704
0.654
0.478
0.756
0.444
0.722
0.670
0.747
0.769
0.627
0.478
0.617
0.531
0.657
0.651
0.670
0.444
0.735
0.765
0.481
0.596
0.537
0.747
0.475
0.611
0.404
0.639
0.719
0.645
0.769
0.654
0.673
0.694
0.725
0.747
0.836
0.577
0.648
0.321
0.568
0.309
0.627
0.478
