0.651
0.546
0.691
0.704
0.451
0.688
0.704
0.515
0.679
0.531
0.821
0.571
0.670
0.556
0.676
0.654
0.627
0.506
0.577
0.623
0.543
0.765
0.691
0.654
0.438
0.765
0.688
0.438
0.725
0.688
0.475
0.556
0.599
0.769
0.673
0.528
0.728
0.466
0.627
0.657
0.654
0.830
0.546
0.654
0.679
0.679
0.574
0.451
0.688
0.759
0.688
0.728
0.623
0.574
0.546
0.546
0.623
0.725
0.552
0.775
0.642
0.716
0.630
0.627
0.552
0.688
0.657
0.531
0.577
0.784
0.667
0.688
0.769
0.512
0.852
0.688
0.451
0.639
0.704
0.506
0.531
0.815
0.728
0.654
0.556
0.451
0.667
0.608
0.802
0.688
0.543
0.657
0.630
0.438
0.651
0.620
0.651
0.728
0.657
0.688
0.491
0.688
0.630
0.571
0.704
0.651
0.438
0.753
0.645
0.540
0.769
0.568
0.759
0.670
0.395
0.528
0.657
0.852
0.821
0.744
0.688
0.728
0.515
0.765
0.704
0.506
0.568
0.667
0.728
0.667
0.330
0.821
0.673
0.691
0.491
0.769
0.657
0.698
0.528
0.821
0.679
0.543
0.522
0.571
0.679
0.744
0.528
0.531
0.744
0.620
0.673
0.762
0.528
0.525
0.599
0.744
0.673
0.710
0.821
0.627
0.667
0.852
0.614
0.571
0.608
0.676
0.330
0.815
0.645
0.688
0.775
0.645
0.728
0.438
0.543
0.716
0.769
0.753
0.762
0.515
0.728
0.614
0.630
0.679
0.710
0.738
0.716
0.438
0.852
0.670
0.645
0.657
0.728
0.608
0.627
0.765
0.608
0.821
0.688
0.728
0.614
0.704
0.713
0.676
0.762
0.679
0.688
0.679
0.623
0.688
0.512
0.645
0.642
0.599
0.676
0.762
0.596
0.722
0.611
0.568
0.673
0.608
0.540
0.608
0.821
0.691
0.552
0.775
0.608
0.657
0.762
0.769
0.682
0.762
0.645
0.784
0.688
0.645
0.769
0.531
0.642
0.716
0.728
0.651
0.543
0.657
0.769
0.710
0.608
0.630
0.688
0.728
0.642
0.716
0.704
0.759
0.546
0.586
0.830
0.645
0.701
0.580
0.704
0.617
0.571
0.688
0.645
0.549
0.753
0.667
0.830
0.691
0.611
0.722
0.821
0.852
0.784
0.540
0.537
