0.000
0.627
0.543
0.531
0.531
0.611
0.648
0.670
0.549
0.596
0.725
0.679
0.673
0.651
0.691
0.556
0.787
0.577
0.688
0.747
0.747
0.667
0.543
0.556
0.633
0.000
0.775
0.633
0.586
0.580
0.614
0.651
0.485
0.648
0.735
0.000
0.858
0.605
0.787
0.540
0.556
0.750
0.627
0.556
0.574
0.000
0.762
0.531
0.580
0.556
0.775
0.858
0.559
0.762
0.731
0.627
0.559
0.586
0.719
0.664
0.000
0.660
0.691
0.787
0.719
0.611
0.000
0.546
0.688
0.679
0.654
0.775
0.648
0.728
0.728
0.611
0.531
0.750
0.648
0.577
0.546
0.580
0.660
0.556
0.651
0.531
0.654
0.747
0.463
0.580
0.747
0.540
0.691
0.633
0.000
0.000
0.667
0.660
0.000
0.611
0.000
0.775
0.691
0.679
0.648
0.000
0.633
0.716
0.698
0.559
0.775
0.500
0.556
0.673
0.586
0.000
0.540
0.728
0.593
0.562
0.580
0.660
0.670
0.667
0.531
0.577
0.500
0.654
0.858
0.654
0.000
0.593
0.735
0.543
0.000
0.775
0.000
0.602
0.000
0.593
0.549
0.747
0.000
0.556
0.000
0.562
0.000
0.546
0.562
0.000
0.735
0.620
0.000
0.583
0.485
0.562
0.735
0.000
0.593
0.787
0.654
0.728
0.688
0.679
0.747
0.691
0.000
0.580
0.698
0.580
0.664
0.488
0.858
0.633
0.602
0.633
0.775
0.716
0.620
0.670
0.858
0.688
0.691
0.000
0.611
0.679
0.660
0.633
0.728
0.556
0.488
0.540
0.858
0.747
0.787
0.000
0.648
0.593
0.775
0.660
0.688
0.531
0.571
0.691
0.620
0.549
0.611
0.000
0.747
0.580
0.728
0.488
0.000
0.485
0.691
0.620
0.593
0.735
0.522
0.500
0.735
0.648
0.559
0.747
0.593
0.543
0.719
0.664
0.648
0.540
0.620
0.775
0.435
0.620
0.488
0.679
0.775
0.574
0.648
0.596
0.000
0.633
0.858
0.000
0.602
0.000
0.648
0.000
0.648
0.691
0.611
0.858
0.000
0.660
0.531
0.556
0.627
0.593
0.750
0.698
0.639
0.617
0.648
0.593
0.556
0.580
0.574
0.633
0.716
0.000
0.750
0.543
0.522
0.735
0.593
0.728
0.679
0.559
0.512
