0.645
0.731
0.623
0.577
0.278
0.583
0.543
0.306
0.537
0.565
0.636
0.299
0.679
0.358
0.660
0.432
0.836
0.599
0.346
0.336
0.460
0.552
0.623
0.432
0.414
0.731
0.423
0.414
0.769
0.549
0.238
0.358
0.525
0.590
0.772
0.565
0.549
0.765
0.836
0.818
0.432
0.645
0.731
0.432
0.262
0.648
0.395
0.278
0.549
0.451
0.423
0.549
0.642
0.395
0.509
0.731
0.642
0.769
0.676
0.694
0.537
0.620
0.645
0.836
0.676
0.583
0.259
0.457
0.346
0.543
0.682
0.423
0.590
0.278
0.722
0.583
0.278
0.552
0.543
0.599
0.457
0.577
0.531
0.432
0.358
0.278
0.682
0.262
0.602
0.549
0.460
0.818
0.645
0.414
0.645
0.466
0.713
0.531
0.259
0.583
0.210
0.423
0.645
0.299
0.543
0.645
0.414
0.491
0.000
0.660
0.710
0.639
0.451
0.679
0.639
0.565
0.818
0.722
0.315
0.241
0.549
0.531
0.306
0.552
0.577
0.599
0.639
0.682
0.549
0.682
0.580
0.315
0.772
0.623
0.210
0.710
0.259
0.284
0.565
0.315
0.537
0.460
0.377
0.460
0.648
0.241
0.565
0.457
0.241
0.466
0.772
0.728
0.565
0.605
0.525
0.241
0.772
0.299
0.315
0.836
0.682
0.722
0.463
0.299
0.262
0.660
0.580
0.577
0.000
0.549
0.694
0.611
0.549
0.414
0.269
0.506
0.710
0.491
0.728
0.306
0.549
0.463
0.645
0.648
0.654
0.694
0.620
0.414
0.722
0.265
0.611
0.818
0.549
0.262
0.836
0.731
0.596
0.315
0.423
0.531
0.463
0.577
0.491
0.660
0.728
0.537
0.583
0.648
0.336
0.549
0.278
0.611
0.537
0.525
0.660
0.728
0.691
0.275
0.500
0.639
0.772
0.596
0.660
0.262
0.315
0.623
0.676
0.694
0.596
0.818
0.728
0.710
0.701
0.728
0.611
0.543
0.423
0.509
0.590
0.565
0.537
0.506
0.549
0.645
0.269
0.259
0.590
0.299
0.596
0.645
0.583
0.549
0.537
0.620
0.577
0.451
0.731
0.556
0.645
0.000
0.552
0.593
0.543
0.685
0.460
0.549
0.509
0.664
0.491
0.000
0.645
0.623
0.500
0.275
0.315
0.722
0.543
0.660
0.454
