0.44,0.74
0.44,0.72
0.5,0.78
0.5,0.78
0.36,0.86
0.48,0.78
0.44,0.72
0.36,0.76
0.34,0.86
0.2,0.7
0.46,0.68
0.56,0.76
0.56,0.7
0.44,0.68
0.32,0.68
0.44,0.74
0.36,0.84
0.54,0.84
0.42,0.82
0.38,0.7
0.4,0.86
0.48,0.72
0.5,0.7
0.4,0.72
0.36,0.8
0.32,0.64
0.54,0.88
0.4,0.84
0.34,0.66
0.32,0.68
0.34,0.7
0.4,0.74
0.4,0.84
0.44,0.72
0.38,0.58
0.4,0.74
0.48,0.8
0.5,0.88
0.24,0.78
0.42,0.62
0.66,0.84
0.46,0.68
0.52,0.86
0.42,0.62
0.42,0.68
0.34,0.74
0.28,0.74
0.5,0.72
0.5,0.78
0.3,0.52
0.5,0.88
0.4,0.74
0.42,0.68
0.32,0.64
0.44,0.72
0.44,0.74
0.44,0.72
0.42,0.62
0.24,0.78
0.5,0.72
0.44,0.72
0.52,0.86
0.32,0.68
0.3,0.52
0.34,0.7
0.44,0.72
0.48,0.8
0.42,0.86
0.36,0.8
0.48,0.78
0.5,0.78
0.46,0.82
0.3,0.9
0.36,0.84
0.36,0.72
0.5,0.74
0.28,0.6
0.3,0.66
0.34,0.8
0.36,0.86
0.3,0.66
0.46,0.68
0.4,0.86
0.6,0.78
0.32,0.78
0.2,0.8
0.36,0.8
0.4,0.86
0.34,0.74
0.2,0.8
0.32,0.64
0.52,0.72
0.4,0.86
0.36,0.84
0.3,0.66
0.32,0.68
0.34,0.74
0.42,0.76
0.24,0.74
0.4,0.84
0.34,0.8
0.54,0.88
0.44,0.72
0.48,0.78
0.6,0.82
0.32,0.64
0.44,0.74
0.32,0.78
0.36,0.8
0.34,0.7
0.34,0.74
0.34,0.74
0.5,0.78
0.36,0.76
0.66,0.84
0.5,0.72
0.44,0.68
0.46,0.68
0.42,0.82
0.5,0.74
0.36,0.8
0.4,0.86
0.4,0.8
0.48,0.72
0.2,0.8
0.34,0.74
0.4,0.84
0.36,0.76
0.5,0.74
0.5,0.74
0.42,0.94
0.24,0.7
0.54,0.84
0.44,0.78
0.34,0.8
0.46,0.78
0.58,0.82
0.26,0.64
0.42,0.68
0.4,0.72
0.4,0.74
0.5,0.72
0.6,0.82
0.48,0.78
0.5,0.64
0.44,0.74
0.48,0.72
0.44,0.72
0.36,0.72
0.44,0.78
0.46,0.78
0.58,0.76
0.5,0.7
0.42,0.94
0.36,0.84
0.62,0.84
0.38,0.8
0.5,0.78
0.24,0.74
0.46,0.78
0.34,0.7
0.66,0.84
0.52,0.72
0.44,0.74
0.62,0.84
0.2,0.8
0.48,0.78
0.46,0.64
0.44,0.74
0.3,0.66
0.32,0.78
0.4,0.74
