0.38,0.86
0.26,0.82
0.56,0.78
0.44,0.78
0.44,0.74
0.52,0.8
0.46,0.64
0.42,0.82
0.38,0.86
0.34,0.62
0.4,0.76
0.54,0.88
0.48,0.62
0.56,0.76
0.32,0.76
0.52,0.7
0.36,0.72
0.52,0.76
0.5,0.82
0.36,0.64
0.4,0.88
0.52,0.72
0.46,0.66
0.34,0.8
0.36,0.72
0.28,0.64
0.42,0.76
0.56,0.86
0.4,0.6
0.32,0.76
0.4,0.84
0.4,0.76
0.56,0.86
0.46,0.64
0.4,0.62
0.54,0.78
0.46,0.72
0.44,0.78
0.38,0.74
0.42,0.68
0.66,0.86
0.4,0.76
0.6,0.84
0.42,0.68
0.4,0.78
0.46,0.74
0.48,0.84
0.56,0.78
0.3,0.68
0.44,0.78
0.54,0.78
0.4,0.78
0.28,0.64
0.34,0.72
0.38,0.86
0.26,0.82
0.42,0.68
0.38,0.74
0.64,0.76
0.34,0.72
0.6,0.84
0.32,0.76
0.3,0.68
0.4,0.84
0.26,0.82
0.3,0.84
0.5,0.72
0.36,0.72
0.48,0.68
0.44,0.78
0.3,0.84
0.36,0.86
0.36,0.72
0.4,0.78
0.4,0.74
0.34,0.68
0.26,0.7
0.4,0.84
0.44,0.74
0.26,0.7
0.48,0.76
0.4,0.88
0.56,0.74
0.42,0.8
0.54,0.88
0.52,0.84
0.4,0.88
0.46,0.74
0.54,0.88
0.28,0.64
0.42,0.84
0.4,0.88
0.36,0.72
0.26,0.7
0.46,0.74
0.48,0.84
0.42,0.74
0.56,0.86
0.4,0.84
0.42,0.76
0.46,0.64
0.48,0.68
0.56,0.76
0.28,0.64
0.38,0.86
0.42,0.8
0.52,0.84
0.4,0.84
0.42,0.7
0.42,0.7
0.44,0.78
0.42,0.82
0.66,0.86
0.4,0.84
0.56,0.76
0.48,0.76
0.5,0.82
0.4,0.74
0.36,0.72
0.4,0.88
0.42,0.7
0.34,0.84
0.54,0.88
0.42,0.7
0.56,0.86
0.42,0.82
0.5,0.84
0.4,0.74
0.54,0.84
0.4,0.72
0.52,0.76
0.4,0.7
0.36,0.82
0.36,0.72
0.52,0.76
0.2,0.54
0.4,0.78
0.34,0.8
0.54,0.78
0.4,0.84
0.56,0.76
0.52,0.7
0.48,0.82
0.34,0.72
0.4,0.78
0.4,0.7
0.36,0.72
0.54,0.78
0.46,0.66
0.54,0.84
0.36,0.72
0.44,0.84
0.4,0.82
0.56,0.78
0.42,0.74
0.36,0.72
0.4,0.84
0.66,0.86
0.42,0.84
0.38,0.86
0.44,0.84
0.54,0.88
0.52,0.8
0.34,0.62
0.52,0.7
0.26,0.7
0.42,0.8
