0.100
0.070
0.030
0.050
0.060
0.100
0.030
0.060
0.080
0.100
0.030
0.050
0.090
0.050
0.100
0.040
0.100
0.090
0.070
0.050
0.080
0.080
0.070
0.080
0.060
0.100
0.060
0.140
0.080
0.060
0.050
0.100
0.110
0.100
0.030
0.060
0.060
0.040
0.060
0.080
0.090
0.060
0.050
0.040
0.080
0.080
0.040
0.030
0.090
0.040
0.090
0.070
0.090
0.100
0.100
0.060
0.080
0.040
0.070
0.050
0.060
0.070
0.080
0.070
0.110
0.110
0.060
0.070
0.070
0.080
0.040
0.100
0.030
0.070
0.040
0.080
0.050
0.040
0.050
0.100
0.100
0.060
0.060
0.110
0.120
0.050
0.070
0.040
0.110
0.140
0.060
0.080
0.070
0.050
0.040
0.100
0.080
0.100
0.090
0.050
0.100
0.110
0.030
0.030
0.060
0.040
0.050
0.110
0.090
0.060
0.070
0.120
0.020
0.100
0.080
0.050
0.110
0.080
0.040
0.060
0.060
0.040
0.060
0.060
0.100
0.070
0.060
0.060
0.070
0.090
0.120
0.090
0.070
0.120
0.040
0.030
0.070
0.060
0.110
0.060
0.050
0.100
0.070
0.050
0.050
0.080
0.080
0.100
0.100
0.100
0.060
0.060
0.060
0.110
0.090
0.040
0.100
0.090
0.040
0.060
0.070
0.050
0.080
0.100
0.110
0.100
0.040
0.040
0.070
0.090
0.070
0.060
0.050
0.070
0.030
0.040
0.110
0.100
0.040
0.070
0.070
0.090
0.060
0.080
0.060
0.100
0.080
0.040
0.080
0.090
0.070
0.040
0.100
0.050
0.060
0.110
0.070
0.070
0.030
0.070
0.070
0.050
0.090
0.060
0.080
0.050
0.020
0.040
0.050
0.080
0.100
0.070
0.050
0.030
0.040
0.100
0.060
0.080
0.050
0.090
0.050
0.110
0.060
0.100
0.100
0.080
0.100
0.040
0.110
0.050
0.050
0.070
0.070
0.050
0.080
0.040
0.050
