0.370
0.260
0.280
0.280
0.220
0.260
0.240
0.260
0.370
0.310
0.240
0.330
0.310
0.250
0.280
0.260
0.340
0.350
0.260
0.290
0.310
0.340
0.280
0.360
0.340
0.370
0.340
0.350
0.290
0.220
0.290
0.330
0.280
0.320
0.280
0.340
0.260
0.250
0.340
0.290
0.310
0.340
0.280
0.270
0.280
0.360
0.190
0.280
0.350
0.250
0.330
0.260
0.320
0.330
0.300
0.260
0.350
0.250
0.310
0.340
0.240
0.280
0.320
0.280
0.240
0.380
0.260
0.260
0.280
0.340
0.270
0.300
0.360
0.260
0.410
0.310
0.260
0.260
0.330
0.400
0.260
0.340
0.220
0.250
0.290
0.290
0.280
0.260
0.380
0.350
0.260
0.290
0.310
0.290
0.310
0.300
0.290
0.310
0.390
0.250
0.310
0.280
0.360
0.240
0.350
0.260
0.290
0.250
0.260
0.220
0.350
0.280
0.270
0.400
0.350
0.300
0.380
0.290
0.240
0.340
0.240
0.260
0.260
0.220
0.300
0.350
0.280
0.220
0.290
0.330
0.280
0.310
0.300
0.290
0.310
0.280
0.290
0.280
0.380
0.280
0.280
0.280
0.290
0.330
0.280
0.340
0.360
0.260
0.300
0.260
0.280
0.340
0.280
0.240
0.260
0.240
0.300
0.360
0.310
0.310
0.310
0.290
0.310
0.320
0.240
0.370
0.310
0.270
0.290
0.250
0.350
0.340
0.330
0.350
0.230
0.270
0.240
0.260
0.190
0.300
0.350
0.390
0.310
0.320
0.350
0.310
0.290
0.250
0.310
0.310
0.350
0.260
0.280
0.390
0.260
0.250
0.260
0.260
0.230
0.250
0.260
0.340
0.330
0.340
0.340
0.260
0.270
0.410
0.340
0.340
0.320
0.310
0.390
0.230
0.270
0.280
0.280
0.360
0.250
0.340
0.290
0.250
0.260
0.300
0.300
0.350
0.330
0.410
0.360
0.340
0.330
0.350
0.310
0.260
0.280
0.270
0.290
