0.280
0.200
0.200
0.220
0.230
0.150
0.180
0.140
0.220
0.250
0.180
0.240
0.240
0.170
0.230
0.210
0.250
0.270
0.200
0.210
0.250
0.220
0.290
0.230
0.270
0.280
0.270
0.290
0.210
0.230
0.160
0.280
0.290
0.180
0.200
0.240
0.200
0.230
0.210
0.210
0.240
0.240
0.250
0.190
0.180
0.230
0.160
0.200
0.270
0.230
0.230
0.230
0.220
0.280
0.190
0.140
0.260
0.230
0.170
0.280
0.300
0.290
0.210
0.290
0.220
0.270
0.140
0.230
0.180
0.190
0.170
0.200
0.260
0.230
0.230
0.250
0.230
0.210
0.240
0.220
0.150
0.240
0.230
0.260
0.250
0.210
0.290
0.210
0.270
0.290
0.200
0.200
0.210
0.210
0.190
0.220
0.210
0.250
0.250
0.190
0.250
0.290
0.260
0.180
0.230
0.210
0.160
0.260
0.220
0.230
0.310
0.220
0.150
0.220
0.260
0.190
0.270
0.210
0.250
0.270
0.300
0.210
0.140
0.190
0.190
0.220
0.200
0.230
0.270
0.190
0.220
0.240
0.240
0.250
0.190
0.200
0.260
0.200
0.270
0.200
0.250
0.230
0.270
0.240
0.250
0.220
0.230
0.150
0.190
0.150
0.200
0.210
0.200
0.220
0.200
0.250
0.200
0.280
0.190
0.250
0.170
0.160
0.240
0.180
0.220
0.280
0.190
0.170
0.270
0.220
0.310
0.240
0.240
0.240
0.260
0.270
0.220
0.150
0.160
0.240
0.240
0.250
0.250
0.210
0.230
0.250
0.190
0.230
0.230
0.240
0.310
0.210
0.230
0.270
0.200
0.260
0.230
0.200
0.260
0.260
0.200
0.280
0.190
0.210
0.220
0.230
0.150
0.230
0.280
0.220
0.180
0.170
0.270
0.260
0.170
0.230
0.200
0.230
0.170
0.230
0.160
0.260
0.200
0.190
0.200
0.260
0.280
0.230
0.320
0.280
0.240
0.310
0.170
0.230
0.180
0.190
0.160
