0.370
0.410
0.280
0.340
0.330
0.360
0.260
0.380
0.370
0.340
0.260
0.340
0.380
0.350
0.240
0.320
0.360
0.370
0.410
0.370
0.350
0.290
0.340
0.320
0.390
0.370
0.390
0.370
0.370
0.330
0.410
0.430
0.360
0.360
0.280
0.410
0.380
0.260
0.410
0.370
0.380
0.410
0.360
0.350
0.420
0.320
0.310
0.280
0.370
0.310
0.340
0.290
0.420
0.430
0.360
0.380
0.390
0.260
0.420
0.390
0.300
0.340
0.410
0.340
0.250
0.370
0.380
0.290
0.400
0.310
0.420
0.320
0.310
0.290
0.270
0.350
0.300
0.320
0.340
0.430
0.360
0.410
0.330
0.320
0.300
0.370
0.340
0.320
0.370
0.370
0.380
0.300
0.410
0.370
0.350
0.350
0.370
0.340
0.360
0.350
0.340
0.360
0.310
0.260
0.270
0.320
0.410
0.320
0.360
0.330
0.340
0.370
0.340
0.430
0.390
0.320
0.370
0.370
0.350
0.390
0.300
0.320
0.380
0.310
0.360
0.470
0.390
0.330
0.280
0.390
0.370
0.380
0.270
0.300
0.350
0.280
0.390
0.390
0.370
0.390
0.360
0.240
0.280
0.340
0.360
0.290
0.320
0.360
0.360
0.360
0.390
0.410
0.390
0.250
0.370
0.350
0.320
0.380
0.350
0.350
0.420
0.410
0.320
0.360
0.250
0.370
0.350
0.420
0.280
0.380
0.340
0.410
0.340
0.390
0.300
0.300
0.250
0.360
0.310
0.270
0.390
0.360
0.350
0.410
0.270
0.340
0.380
0.310
0.380
0.350
0.340
0.320
0.240
0.390
0.380
0.320
0.290
0.410
0.300
0.360
0.410
0.390
0.390
0.410
0.290
0.300
0.340
0.270
0.390
0.290
0.360
0.420
0.390
0.300
0.420
0.240
0.390
0.320
0.350
0.350
0.410
0.320
0.380
0.360
0.320
0.390
0.430
0.270
0.420
0.390
0.340
0.340
0.420
0.300
0.420
0.350
0.410
