0.140
0.110
0.140
0.030
0.140
0.110
0.060
0.130
0.130
0.090
0.060
0.100
0.100
0.060
0.120
0.140
0.130
0.110
0.110
0.100
0.150
0.080
0.100
0.100
0.080
0.140
0.080
0.140
0.170
0.140
0.080
0.120
0.160
0.150
0.140
0.140
0.100
0.130
0.150
0.170
0.100
0.140
0.100
0.090
0.120
0.100
0.140
0.140
0.110
0.050
0.140
0.110
0.120
0.120
0.060
0.130
0.130
0.130
0.150
0.090
0.050
0.100
0.150
0.100
0.100
0.130
0.130
0.110
0.110
0.160
0.110
0.130
0.120
0.110
0.130
0.150
0.090
0.140
0.100
0.100
0.110
0.140
0.140
0.080
0.120
0.100
0.100
0.140
0.130
0.140
0.100
0.140
0.110
0.100
0.140
0.110
0.170
0.090
0.060
0.220
0.090
0.160
0.120
0.060
0.130
0.140
0.080
0.080
0.210
0.140
0.150
0.140
0.060
0.100
0.130
0.090
0.130
0.170
0.130
0.080
0.050
0.140
0.130
0.120
0.060
0.150
0.160
0.140
0.120
0.150
0.140
0.100
0.090
0.120
0.140
0.140
0.140
0.160
0.130
0.160
0.100
0.120
0.120
0.100
0.100
0.080
0.100
0.110
0.060
0.110
0.160
0.150
0.160
0.100
0.190
0.130
0.130
0.130
0.140
0.120
0.150
0.080
0.180
0.150
0.100
0.140
0.140
0.110
0.120
0.120
0.150
0.140
0.100
0.100
0.120
0.160
0.100
0.110
0.140
0.090
0.100
0.060
0.120
0.150
0.130
0.090
0.170
0.050
0.120
0.080
0.150
0.140
0.120
0.070
0.100
0.080
0.110
0.110
0.120
0.110
0.110
0.090
0.150
0.150
0.080
0.090
0.060
0.130
0.090
0.080
0.150
0.150
0.070
0.120
0.110
0.120
0.160
0.100
0.060
0.140
0.080
0.080
0.100
0.060
0.130
0.130
0.120
0.130
0.120
0.090
0.100
0.150
0.150
0.090
0.120
0.090
0.080
