0.110
0.110
0.140
0.140
0.110
0.160
0.110
0.130
0.070
0.110
0.200
0.110
0.140
0.080
0.100
0.100
0.160
0.130
0.190
0.150
0.050
0.100
0.120
0.110
0.110
0.120
0.150
0.080
0.070
0.190
0.120
0.140
0.050
0.130
0.110
0.110
0.100
0.160
0.110
0.110
0.130
0.090
0.090
0.080
0.130
0.090
0.110
0.130
0.100
0.130
0.090
0.110
0.110
0.200
0.120
0.110
0.100
0.100
0.110
0.130
0.110
0.110
0.120
0.090
0.090
0.100
0.090
0.070
0.110
0.120
0.110
0.160
0.100
0.150
0.090
0.140
0.110
0.140
0.090
0.170
0.100
0.170
0.080
0.110
0.110
0.140
0.110
0.070
0.090
0.110
0.120
0.120
0.160
0.080
0.100
0.140
0.040
0.150
0.090
0.080
0.170
0.070
0.140
0.110
0.200
0.120
0.110
0.090
0.070
0.130
0.140
0.070
0.140
0.120
0.100
0.050
0.070
0.110
0.100
0.090
0.100
0.170
0.100
0.150
0.140
0.110
0.080
0.140
0.100
0.110
0.130
0.110
0.110
0.140
0.120
0.110
0.140
0.120
0.150
0.100
0.150
0.160
0.120
0.100
0.150
0.110
0.100
0.110
0.050
0.120
0.090
0.100
0.110
0.100
0.120
0.080
0.140
0.080
0.140
0.110
0.140
0.100
0.130
0.140
0.150
0.120
0.140
0.150
0.140
0.150
0.130
0.100
0.140
0.050
0.170
0.100
0.150
0.090
0.090
0.110
0.100
0.120
0.110
0.130
0.130
0.100
0.110
0.070
0.040
0.100
0.110
0.090
0.110
0.120
0.120
0.120
0.150
0.090
0.080
0.100
0.120
0.100
0.100
0.130
0.070
0.120
0.120
0.140
0.110
0.130
0.100
0.190
0.110
0.100
0.140
0.110
