0.180
0.240
0.160
0.380
0.270
0.180
0.390
0.310
0.170
0.420
0.200
0.190
0.050
0.140
0.350
0.180
0.050
0.010
0.370
0.170
0.060
0.330
0.150
0.200
0.390
0.090
0.410
0.330
0.190
0.190
0.110
0.160
0.170
0.160
0.380
0.380
0.330
0.050
0.190
0.180
0.180
0.230
0.200
0.340
0.310
0.200
0.120
0.080
0.380
0.010
0.110
0.030
0.030
0.200
0.090
0.180
0.240
0.180
0.270
0.260
0.220
0.180
0.040
0.180
0.260
0.240
0.000
0.260
0.030
0.040
0.180
0.050
0.210
0.270
0.000
0.070
0.120
0.070
0.300
0.200
0.240
0.340
0.140
0.030
0.120
0.160
0.350
0.200
0.000
0.180
0.130
0.130
0.050
0.350
0.170
0.070
0.110
0.170
0.260
0.350
0.160
0.360
0.460
0.260
0.200
0.130
0.180
0.360
0.260
0.260
0.160
0.360
0.070
0.090
0.380
0.170
0.250
0.390
0.210
0.110
0.240
0.340
0.180
0.220
0.070
0.390
0.120
0.050
0.190
0.220
0.160
0.180
0.260
0.080
0.090
0.260
0.250
0.120
0.270
0.180
0.170
0.050
0.110
0.210
0.220
0.190
0.170
0.240
0.060
0.100
0.360
0.240
0.240
0.190
0.390
0.120
0.380
0.330
0.160
0.260
0.050
0.350
0.120
0.380
0.410
0.390
0.050
0.220
0.160
0.310
0.010
0.170
0.330
0.170
0.200
0.320
0.170
0.000
0.260
0.200
0.380
0.120
0.230
0.260
0.180
0.210
0.120
0.260
0.110
0.190
0.220
0.230
0.180
0.000
0.000
0.260
0.220
0.180
0.340
0.180
0.130
0.320
0.210
0.010
0.360
0.120
0.190
0.050
0.240
0.120
0.180
0.370
0.190
0.330
0.050
0.030
