0.530
0.490
0.490
0.540
0.380
0.270
0.450
0.500
0.270
0.410
0.600
0.500
0.240
0.410
0.530
0.380
0.370
0.590
0.480
0.540
0.420
0.510
0.360
0.440
0.450
0.430
0.530
0.450
0.550
0.540
0.160
0.370
0.360
0.370
0.490
0.490
0.510
0.370
0.500
0.530
0.470
0.270
0.340
0.480
0.500
0.340
0.350
0.390
0.340
0.590
0.270
0.510
0.510
0.600
0.430
0.530
0.490
0.380
0.380
0.540
0.540
0.530
0.540
0.400
0.400
0.490
0.600
0.410
0.510
0.540
0.530
0.370
0.300
0.410
0.600
0.280
0.350
0.280
0.540
0.480
0.490
0.360
0.410
0.510
0.350
0.490
0.290
0.510
0.600
0.530
0.250
0.250
0.370
0.180
0.470
0.280
0.340
0.540
0.400
0.180
0.480
0.410
0.520
0.550
0.600
0.250
0.530
0.430
0.410
0.540
0.490
0.410
0.280
0.430
0.340
0.360
0.400
0.450
0.300
0.270
0.490
0.360
0.380
0.530
0.280
0.450
0.330
0.240
0.250
0.540
0.370
0.440
0.550
0.410
0.430
0.550
0.460
0.550
0.410
0.380
0.540
0.370
0.160
0.300
0.530
0.500
0.470
0.490
0.420
0.410
0.430
0.490
0.490
0.250
0.070
0.330
0.540
0.450
0.490
0.550
0.240
0.530
0.410
0.540
0.530
0.070
0.240
0.530
0.490
0.550
0.590
0.470
0.170
0.360
0.480
0.500
0.540
0.600
0.400
0.440
0.340
0.550
0.460
0.540
0.470
0.300
0.350
0.410
0.340
0.250
0.540
0.270
0.440
0.350
0.350
0.220
0.270
0.400
0.480
0.420
0.250
0.500
0.300
0.590
0.410
0.550
0.430
0.240
0.490
0.410
0.420
0.480
0.500
0.510
0.240
0.510
