0.520
0.460
0.540
0.570
0.450
0.520
0.510
0.460
0.510
0.560
0.480
0.370
0.470
0.550
0.540
0.390
0.470
0.500
0.620
0.560
0.370
0.500
0.490
0.420
0.510
0.530
0.400
0.440
0.340
0.540
0.560
0.540
0.470
0.440
0.400
0.400
0.500
0.470
0.370
0.520
0.550
0.350
0.420
0.470
0.460
0.420
0.400
0.460
0.540
0.500
0.530
0.390
0.390
0.480
0.530
0.520
0.530
0.390
0.450
0.430
0.440
0.520
0.560
0.400
0.470
0.530
0.730
0.460
0.390
0.560
0.520
0.470
0.150
0.520
0.730
0.450
0.400
0.450
0.600
0.320
0.530
0.480
0.550
0.390
0.400
0.540
0.460
0.470
0.730
0.520
0.560
0.560
0.470
0.540
0.410
0.450
0.400
0.560
0.470
0.540
0.520
0.290
0.500
0.440
0.480
0.560
0.520
0.530
0.460
0.430
0.540
0.290
0.450
0.530
0.540
0.470
0.480
0.510
0.150
0.530
0.530
0.480
0.390
0.540
0.450
0.510
0.450
0.470
0.590
0.440
0.440
0.380
0.440
0.430
0.530
0.440
0.560
0.560
0.520
0.390
0.560
0.470
0.560
0.150
0.540
0.370
0.410
0.460
0.370
0.390
0.530
0.530
0.460
0.590
0.520
0.450
0.570
0.440
0.540
0.440
0.470
0.540
0.390
0.570
0.400
0.520
0.470
0.540
0.540
0.420
0.500
0.410
0.440
0.470
0.320
0.470
0.560
0.730
0.470
0.420
0.540
0.560
0.390
0.430
0.550
0.150
0.400
0.460
0.400
0.590
0.440
0.350
0.380
0.340
0.340
0.490
0.460
0.400
0.470
0.430
0.560
0.470
0.150
0.500
0.290
0.560
0.390
0.470
0.460
0.390
0.430
0.620
0.370
0.500
0.470
0.390
