0.270
0.140
0.430
0.560
0.340
0.200
0.530
0.440
0.350
0.460
0.500
0.320
0.230
0.520
0.540
0.390
0.470
0.180
0.600
0.520
0.410
0.340
0.420
0.310
0.530
0.420
0.510
0.280
0.340
0.230
0.290
0.350
0.310
0.540
0.230
0.230
0.340
0.470
0.320
0.270
0.500
0.370
0.330
0.410
0.440
0.330
0.550
0.470
0.100
0.180
0.160
0.440
0.440
0.500
0.420
0.270
0.150
0.390
0.340
0.310
0.520
0.270
0.470
0.300
0.470
0.150
0.310
0.410
0.440
0.470
0.270
0.470
0.450
0.510
0.310
0.220
0.550
0.220
0.530
0.430
0.150
0.240
0.520
0.440
0.550
0.430
0.420
0.280
0.310
0.270
0.450
0.450
0.470
0.460
0.350
0.220
0.410
0.520
0.470
0.460
0.160
0.370
0.470
0.460
0.500
0.450
0.270
0.440
0.410
0.310
0.430
0.370
0.220
0.420
0.100
0.310
0.320
0.530
0.450
0.160
0.150
0.240
0.390
0.460
0.220
0.530
0.190
0.230
0.450
0.520
0.540
0.140
0.460
0.170
0.420
0.460
0.460
0.450
0.510
0.390
0.520
0.470
0.290
0.450
0.460
0.320
0.350
0.140
0.410
0.510
0.440
0.150
0.140
0.450
0.380
0.190
0.560
0.280
0.430
0.460
0.230
0.540
0.400
0.560
0.510
0.380
0.230
0.460
0.430
0.360
0.180
0.350
0.470
0.310
0.430
0.390
0.520
0.310
0.470
0.310
0.100
0.450
0.420
0.310
0.500
0.450
0.550
0.410
0.410
0.450
0.520
0.370
0.140
0.380
0.380
0.260
0.440
0.300
0.410
0.460
0.450
0.390
0.450
0.180
0.370
0.450
0.320
0.230
0.140
0.400
0.460
0.600
0.320
0.340
0.230
0.440
