0.100
0.100
0.060
0.100
0.110
0.090
0.070
0.070
0.090
0.070
0.170
0.090
0.040
0.060
0.100
0.080
0.100
0.100
0.090
0.100
0.070
0.090
0.090
0.110
0.060
0.060
0.070
0.140
0.100
0.040
0.050
0.060
0.110
0.080
0.110
0.100
0.110
0.100
0.050
0.090
0.080
0.110
0.100
0.110
0.070
0.130
0.120
0.060
0.090
0.180
0.100
0.060
0.100
0.050
0.080
0.090
0.110
0.070
0.100
0.090
0.100
0.070
0.130
0.090
0.110
0.120
0.120
0.100
0.050
0.130
0.070
0.070
0.100
0.090
0.200
0.110
0.100
0.100
0.050
0.080
0.100
0.090
0.110
0.070
0.100
0.110
0.040
0.090
0.140
0.120
0.090
0.070
0.060
0.120
0.060
0.110
0.060
0.110
0.060
0.110
0.070
0.130
0.090
0.100
0.060
0.060
0.060
0.120
0.060
0.110
0.070
0.120
0.080
0.110
0.100
0.060
0.080
0.070
0.070
0.080
0.120
0.060
0.120
0.120
0.080
0.060
0.070
0.170
0.100
0.140
0.060
0.100
