0.210
0.150
0.240
0.230
0.190
0.230
0.190
0.190
0.210
0.230
0.570
0.170
0.200
0.180
0.240
0.140
0.260
0.210
0.160
0.270
0.160
0.510
0.220
0.160
0.210
0.280
0.200
0.240
0.170
0.200
0.220
0.280
0.160
0.200
0.170
0.190
0.410
0.150
0.220
0.160
0.140
0.170
0.260
0.210
0.200
0.250
0.260
0.280
0.230
0.550
0.210
0.280
0.190
0.220
0.200
0.260
0.180
0.230
0.190
0.170
0.210
0.260
0.450
0.230
0.240
0.220
0.220
0.230
0.220
0.250
0.190
0.280
0.210
0.170
0.530
0.160
0.190
0.240
0.320
0.180
0.260
0.170
0.220
0.160
0.260
0.190
0.200
0.150
0.170
0.490
0.230
0.180
0.240
0.220
0.160
0.240
0.280
0.160
0.160
0.190
0.160
0.450
0.250
0.180
0.160
0.280
0.280
0.150
0.220
0.190
0.230
0.220
0.200
0.210
0.560
0.160
0.200
0.200
0.260
0.200
0.150
0.280
0.250
0.260
0.240
0.190
0.230
0.470
0.160
0.240
0.180
0.190
