0.190
0.210
0.170
0.230
0.240
0.150
0.180
0.180
0.200
0.230
0.430
0.190
0.160
0.260
0.140
0.220
0.130
0.190
0.130
0.200
0.190
0.320
0.230
0.190
0.140
0.180
0.190
0.210
0.180
0.160
0.240
0.170
0.190
0.270
0.210
0.210
0.320
0.210
0.220
0.130
0.220
0.210
0.130
0.200
0.190
0.240
0.190
0.180
0.190
0.360
0.180
0.180
0.180
0.220
0.150
0.190
0.190
0.200
0.230
0.190
0.190
0.240
0.340
0.150
0.220
0.190
0.190
0.230
0.220
0.220
0.180
0.110
0.170
0.210
0.400
0.190
0.180
0.140
0.190
0.240
0.130
0.210
0.190
0.190
0.130
0.190
0.160
0.220
0.300
0.350
0.190
0.200
0.180
0.190
0.150
0.220
0.180
0.190
0.180
0.190
0.190
0.340
0.230
0.170
0.180
0.170
0.170
0.220
0.140
0.240
0.200
0.190
0.150
0.180
0.390
0.150
0.150
0.190
0.240
0.270
0.220
0.170
0.230
0.190
0.130
0.170
0.190
0.440
0.170
0.210
0.260
0.210
