0.200
0.150
0.140
0.170
0.190
0.150
0.190
0.190
0.190
0.200
0.370
0.110
0.150
0.180
0.220
0.180
0.130
0.200
0.200
0.150
0.150
0.270
0.160
0.190
0.140
0.200
0.160
0.200
0.180
0.150
0.150
0.130
0.190
0.180
0.170
0.190
0.280
0.150
0.180
0.200
0.180
0.170
0.130
0.190
0.160
0.130
0.150
0.200
0.180
0.290
0.180
0.200
0.170
0.180
0.170
0.240
0.190
0.120
0.180
0.110
0.200
0.120
0.270
0.150
0.160
0.210
0.210
0.170
0.180
0.190
0.190
0.180
0.180
0.160
0.410
0.190
0.170
0.220
0.230
0.190
0.130
0.160
0.240
0.150
0.130
0.180
0.150
0.220
0.210
0.310
0.180
0.100
0.220
0.210
0.160
0.160
0.200
0.190
0.150
0.180
0.150
0.270
0.130
0.240
0.150
0.130
0.130
0.200
0.180
0.190
0.120
0.210
0.170
0.240
0.370
0.160
0.170
0.160
0.120
0.180
0.200
0.130
0.170
0.150
0.140
0.190
0.140
0.310
0.210
0.200
0.180
0.190
