0.100
0.090
0.110
0.080
0.110
0.120
0.110
0.110
0.110
0.100
0.460
0.070
0.060
0.090
0.120
0.100
0.110
0.100
0.090
0.080
0.090
0.460
0.170
0.140
0.060
0.090
0.100
0.070
0.110
0.060
0.090
0.110
0.140
0.130
0.160
0.060
0.290
0.090
0.120
0.090
0.100
0.160
0.110
0.070
0.100
0.090
0.140
0.090
0.120
0.460
0.100
0.090
0.110
0.120
0.090
0.060
0.100
0.130
0.050
0.070
0.100
0.140
0.350
0.120
0.080
0.110
0.110
0.080
0.120
0.110
0.110
0.110
0.040
0.100
0.490
0.140
0.110
0.120
0.090
0.100
0.110
0.100
0.130
0.090
0.110
0.080
0.060
0.080
0.150
0.430
0.120
0.100
0.040
0.110
0.060
0.080
0.090
0.140
0.140
0.080
0.090
0.350
0.120
0.120
0.140
0.110
0.110
0.080
0.070
0.110
0.130
0.110
0.090
0.120
0.480
0.060
0.090
0.100
0.140
0.130
0.080
0.110
0.090
0.140
0.080
0.120
0.100
0.480
0.120
0.070
0.090
0.060
