0.202
0.136
0.180
0.180
0.155
0.169
0.153
0.142
0.180
0.144
0.183
0.172
0.161
0.166
0.161
0.166
0.180
0.166
0.183
0.183
0.144
0.150
0.163
0.177
0.169
0.202
0.180
0.147
0.166
0.139
0.144
0.153
0.169
0.163
0.158
0.166
0.169
0.153
0.150
0.183
0.155
0.163
0.155
0.153
0.172
0.166
0.147
0.177
0.161
0.174
0.169
0.150
0.202
0.174
0.142
0.139
0.163
0.158
0.153
0.172
0.158
0.150
0.161
0.180
0.158
0.153
0.158
0.136
0.163
0.161
0.172
0.169
0.202
0.147
0.180
0.142
0.155
0.166
0.144
0.153
0.150
0.180
0.153
0.153
0.163
0.158
0.163
0.142
0.172
0.185
0.153
0.158
0.177
0.155
0.144
0.150
0.155
0.163
0.142
0.142
0.161
0.177
0.183
0.153
0.180
0.153
0.150
0.177
0.180
0.177
0.180
0.144
0.158
0.158
0.147
0.142
0.177
0.158
0.136
0.169
0.161
0.158
0.136
0.172
0.153
0.166
0.172
0.166
0.161
0.158
0.161
0.166
0.191
0.202
0.172
0.161
0.163
0.144
0.155
0.177
0.142
0.142
0.161
0.150
0.144
0.144
0.153
0.139
0.180
0.163
0.153
0.188
0.191
0.153
0.174
0.169
0.202
0.166
0.185
0.169
0.153
0.169
0.155
0.161
0.177
0.163
0.169
0.174
0.153
0.139
0.163
0.174
0.166
0.142
0.180
0.180
0.196
0.177
0.161
0.150
0.177
0.153
0.174
0.174
0.158
0.180
0.191
0.153
0.163
0.188
0.147
0.199
0.144
0.153
0.153
0.153
0.155
0.180
0.169
0.153
0.153
0.142
0.136
0.180
0.158
0.163
0.169
0.180
0.199
0.144
0.174
0.180
0.150
0.177
0.172
0.158
0.144
0.155
0.196
0.202
0.150
0.174
0.147
0.172
0.153
0.169
0.180
0.144
0.147
0.142
0.169
0.150
0.169
0.177
0.166
0.196
0.147
0.142
0.174
0.144
0.139
0.150
0.169
0.150
0.180
0.166
0.180
0.183
0.185
0.183
0.161
0.153
0.139
0.144
0.150
0.199
0.144
0.169
0.166
0.153
0.161
0.153
0.142
0.144
0.174
0.139
0.166
0.177
0.169
0.136
0.169
0.174
0.180
0.172
0.163
0.163
0.153
0.172
0.153
0.174
0.142
0.161
0.180
0.180
0.166
0.144
0.139
0.158
0.144
0.172
0.166
0.144
0.163
0.161
0.199
0.169
0.153
0.169
0.185
0.202
0.155
0.161
0.180
0.153
0.169
0.158
0.150
0.139
0.166
0.174
0.153
0.199
0.180
0.169
0.161
0.166
0.155
0.153
0.153
0.169
0.142
0.191
0.169
0.163
0.163
0.174
0.166
0.158
0.153
0.169
0.199
0.144
0.183
0.153
0.150
0.174
0.153
0.144
0.169
0.172
0.169
0.163
0.169
0.150
0.177
0.150
0.144
0.150
0.163
0.153
0.163
0.153
0.172
0.169
0.185
0.169
0.177
0.153
0.180
0.144
0.180
0.144
0.177
0.161
0.142
0.142
0.153
0.172
0.174
0.144
0.158
0.191
0.150
0.158
0.185
0.180
0.174
0.163
0.188
0.150
0.183
0.153
0.166
0.150
0.158
0.163
0.180
0.180
0.199
