0.602
0.700
0.678
0.711
0.752
0.782
0.597
0.346
0.529
0.771
0.779
0.771
0.752
0.692
0.793
0.466
0.640
0.466
0.681
0.681
0.749
0.662
0.673
0.856
0.692
0.602
0.654
0.741
0.692
0.673
0.782
0.000
0.782
0.779
0.629
0.692
0.700
0.000
0.662
0.681
0.599
0.812
0.698
0.755
0.777
0.466
0.689
0.638
0.629
0.569
0.782
0.657
0.602
0.569
0.640
0.673
0.673
0.308
0.000
0.771
0.373
0.757
0.719
0.678
0.741
0.755
0.373
0.700
0.779
0.420
0.771
0.853
0.602
0.657
0.529
0.640
0.698
0.496
0.736
0.777
0.662
0.654
0.698
0.665
0.673
0.741
0.812
0.501
0.815
0.646
0.782
0.741
0.714
0.752
0.782
0.657
0.698
0.580
0.346
0.346
0.420
0.771
0.779
0.597
0.654
0.698
0.757
0.856
0.640
0.771
0.668
0.504
0.608
0.308
0.741
0.346
0.638
0.629
0.700
0.782
0.420
0.308
0.700
0.395
0.777
0.692
0.395
0.496
0.420
0.308
0.752
0.736
0.779
0.602
0.771
0.629
0.763
0.782
0.698
0.714
0.640
0.346
0.719
0.662
0.782
0.736
0.000
0.575
0.654
0.779
0.782
0.749
0.779
0.782
0.569
0.853
0.602
0.466
0.646
0.700
0.665
0.700
0.698
0.752
0.771
0.580
0.700
0.741
0.698
0.673
0.812
0.698
0.496
0.640
0.801
0.529
0.586
0.638
0.793
0.662
0.856
0.000
0.569
0.741
0.308
0.785
0.779
0.597
0.763
0.749
0.657
0.809
0.749
0.782
0.000
0.597
0.599
0.640
0.782
0.665
0.782
0.883
0.700
0.640
0.308
0.779
0.853
0.654
0.809
0.638
0.866
0.711
0.698
0.771
0.815
0.649
0.749
0.752
0.586
0.602
0.698
0.569
0.741
0.815
0.777
0.782
0.654
0.749
0.657
0.640
0.853
0.698
0.692
0.856
0.496
0.586
0.741
0.640
0.569
0.749
0.575
0.698
0.695
0.757
0.678
0.414
0.654
0.681
0.646
0.779
0.752
0.520
0.575
0.736
0.698
0.809
0.736
0.853
0.496
0.782
0.719
0.782
0.640
0.744
0.790
0.673
0.736
0.856
0.782
0.700
0.700
0.741
0.654
0.777
0.580
0.779
0.000
0.771
0.520
0.714
0.346
0.629
0.711
0.678
0.793
0.504
0.673
0.373
0.638
0.815
0.692
0.638
0.812
0.793
0.809
0.692
0.665
0.853
0.646
0.602
0.698
0.420
0.654
0.597
0.700
0.649
0.698
0.575
0.496
0.714
0.000
0.809
0.640
0.853
0.752
0.414
0.752
0.665
0.000
0.561
0.501
0.779
0.692
0.580
0.730
0.569
0.466
0.629
0.728
0.692
0.292
0.736
0.681
0.520
0.698
0.569
0.698
0.736
0.561
0.815
0.561
0.763
0.853
0.662
0.638
0.757
0.504
0.698
0.763
0.665
0.779
0.665
0.395
0.700
0.646
0.782
0.638
0.000
0.529
0.744
0.711
0.744
0.714
0.752
0.501
0.501
0.698
0.771
0.714
0.782
0.649
0.779
0.752
0.608
0.646
0.678
0.698
0.812
0.749
0.757
0.681
0.755
0.414
0.757
0.608
0.580
0.678
0.678
0.292
