0.828
0.820
0.681
0.752
0.809
0.771
0.357
0.597
0.747
0.676
0.807
0.755
0.676
0.657
0.706
0.711
0.856
0.711
0.738
0.738
0.681
0.809
0.760
0.790
0.531
0.828
0.668
0.774
0.657
0.654
0.728
0.640
0.771
0.796
0.861
0.760
0.777
0.640
0.809
0.738
0.632
0.757
0.809
0.000
0.700
0.711
0.730
0.905
0.831
0.550
0.771
0.662
0.828
0.550
0.755
0.654
0.760
0.411
0.766
0.755
0.610
0.670
0.708
0.681
0.741
0.000
0.610
0.820
0.796
0.398
0.755
0.638
0.828
0.711
0.747
0.755
0.809
0.771
0.768
0.798
0.809
0.668
0.474
0.638
0.760
0.741
0.757
0.406
0.817
0.736
0.793
0.741
0.798
0.809
0.728
0.662
0.809
0.665
0.597
0.597
0.398
0.643
0.807
0.357
0.668
0.474
0.670
0.790
0.856
0.643
0.594
0.610
0.826
0.411
0.774
0.597
0.817
0.861
0.820
0.771
0.398
0.411
0.820
0.670
0.798
0.657
0.670
0.771
0.398
0.411
0.676
0.730
0.856
0.828
0.755
0.831
0.670
0.728
0.809
0.798
0.755
0.597
0.708
0.809
0.728
0.768
0.640
0.670
0.668
0.796
0.793
0.755
0.856
0.793
0.550
0.638
0.828
0.711
0.736
0.777
0.638
0.777
0.809
0.676
0.643
0.665
0.777
0.771
0.474
0.654
0.757
0.779
0.771
0.755
0.845
0.747
0.736
0.905
0.706
0.809
0.790
0.766
0.550
0.771
0.411
0.809
0.856
0.357
0.670
0.755
0.711
0.891
0.681
0.793
0.766
0.357
0.632
0.856
0.771
0.638
0.793
0.760
0.820
0.856
0.411
0.796
0.638
0.668
0.891
0.719
0.542
0.752
0.847
0.643
0.817
0.790
0.681
0.809
0.736
0.828
0.847
0.550
0.774
0.817
0.798
0.771
0.668
0.681
0.711
0.755
0.638
0.847
0.531
0.790
0.771
0.736
0.774
0.755
0.550
0.681
0.670
0.847
0.820
0.670
0.681
0.357
0.668
0.738
0.736
0.807
0.676
0.668
0.670
0.768
0.847
0.891
0.768
0.638
0.771
0.793
0.708
0.793
0.755
0.853
0.678
0.654
0.730
0.790
0.771
0.820
0.777
0.771
0.668
0.700
0.665
0.796
0.766
0.755
0.668
0.752
0.597
0.831
0.752
0.681
0.817
0.610
0.654
0.610
0.719
0.817
0.760
0.719
0.757
0.706
0.891
0.531
0.638
0.638
0.736
0.828
0.809
0.398
0.668
0.357
0.777
0.790
0.847
0.670
0.771
0.752
0.640
0.891
0.856
0.638
0.676
0.357
0.809
0.638
0.766
0.717
0.406
0.856
0.531
0.665
0.768
0.550
0.711
0.861
0.875
0.531
0.583
0.768
0.738
0.668
0.847
0.550
0.474
0.768
0.717
0.817
0.717
0.670
0.638
0.809
0.905
0.670
0.610
0.847
0.670
0.638
0.796
0.638
0.670
0.777
0.736
0.771
0.817
0.640
0.747
0.853
0.752
0.853
0.798
0.676
0.406
0.406
0.474
0.755
0.752
0.728
0.790
0.856
0.738
0.826
0.736
0.681
0.779
0.757
0.755
0.670
0.738
0.000
0.357
0.670
0.826
0.665
0.681
0.681
0.583
