0.676
0.000
0.000
0.000
0.000
0.698
0.820
0.000
0.668
0.670
0.785
0.796
0.000
0.000
0.678
0.681
0.738
0.681
0.719
0.719
0.665
0.708
0.719
0.722
0.657
0.676
0.766
0.826
0.000
0.861
0.512
0.000
0.698
0.613
0.779
0.692
0.793
0.000
0.708
0.719
0.662
0.670
0.640
0.665
0.000
0.681
0.719
0.589
0.790
0.774
0.698
0.646
0.676
0.774
0.787
0.861
0.719
0.610
0.809
0.796
0.640
0.646
0.749
0.000
0.918
0.665
0.640
0.000
0.613
0.580
0.796
0.719
0.676
0.760
0.668
0.787
0.640
0.684
0.725
0.000
0.708
0.766
0.635
0.000
0.719
0.918
0.670
0.741
0.687
0.000
0.839
0.918
0.837
0.000
0.512
0.646
0.640
0.670
0.000
0.000
0.580
0.619
0.785
0.820
0.766
0.635
0.646
0.722
0.738
0.619
0.736
0.711
0.807
0.610
0.826
0.000
0.646
0.779
0.000
0.698
0.580
0.610
0.000
0.692
0.000
0.000
0.692
0.684
0.580
0.610
0.000
0.575
0.000
0.676
0.796
0.790
0.744
0.512
0.640
0.837
0.787
0.000
0.749
0.708
0.512
0.725
0.000
0.583
0.766
0.613
0.839
0.572
0.000
0.839
0.774
0.719
0.676
0.681
0.000
0.793
0.000
0.793
0.640
0.000
0.619
0.670
0.793
0.000
0.635
0.861
0.670
0.752
0.684
0.787
0.826
0.668
0.564
0.589
0.678
0.708
0.722
0.809
0.774
0.000
0.610
0.670
0.000
0.820
0.744
0.572
0.760
0.749
0.665
0.839
0.809
0.820
0.662
0.738
0.698
0.000
0.839
0.659
0.000
0.738
0.610
0.613
0.719
0.766
0.749
0.708
0.809
0.000
0.804
0.619
0.687
0.000
0.665
0.000
0.564
0.676
0.804
0.774
0.826
0.687
0.000
0.698
0.766
0.665
0.760
0.787
0.719
0.804
0.657
0.722
0.684
0.564
0.826
0.787
0.774
0.665
0.583
0.804
0.662
0.646
0.000
0.000
0.766
0.719
0.000
0.785
0.000
0.809
0.583
0.725
0.804
0.749
0.725
0.719
0.684
0.839
0.749
0.839
0.787
0.760
0.774
0.861
0.575
0.722
0.698
0.000
0.793
0.000
0.766
0.000
0.670
0.613
0.809
0.796
0.809
0.599
0.000
0.790
0.000
0.000
0.828
0.711
0.861
0.640
0.708
0.687
0.692
0.708
0.670
0.678
0.749
0.657
0.000
0.719
0.000
0.676
0.640
0.580
0.766
0.820
0.793
0.000
0.804
0.583
0.684
0.599
0.000
0.749
0.738
0.719
0.000
0.000
0.000
0.000
0.809
0.708
0.741
0.000
0.657
0.670
0.670
0.774
0.681
0.779
0.692
0.657
0.766
0.725
0.719
0.809
0.804
0.774
0.635
0.725
0.708
0.687
0.708
0.744
0.719
0.708
0.589
0.646
0.711
0.804
0.744
0.000
0.613
0.000
0.692
0.793
0.000
0.698
0.646
0.000
0.668
0.760
0.000
0.760
0.837
0.000
0.741
0.741
0.635
0.796
0.599
0.512
0.000
0.000
0.774
0.807
0.000
0.000
0.752
0.670
0.572
0.646
0.719
0.665
0.000
0.646
0.807
0.670
0.000
0.000
0.766
