0.659
0.670
0.744
0.619
0.804
0.338
0.676
0.673
0.308
0.777
0.586
0.649
0.368
0.469
0.681
0.501
0.512
0.501
0.779
0.779
0.545
0.368
0.760
0.324
0.717
0.659
0.354
0.681
0.469
0.717
0.548
0.316
0.338
0.643
0.332
0.719
0.657
0.316
0.368
0.779
0.599
0.703
0.545
0.610
0.790
0.501
0.695
0.390
0.431
0.572
0.338
0.569
0.659
0.572
0.722
0.717
0.760
0.474
0.392
0.649
0.564
0.689
0.610
0.744
0.640
0.610
0.564
0.670
0.643
0.362
0.649
0.730
0.659
0.578
0.308
0.722
0.545
0.613
0.687
0.687
0.368
0.354
0.390
0.466
0.760
0.640
0.703
0.319
0.545
0.531
0.659
0.640
0.485
0.804
0.548
0.569
0.545
0.610
0.673
0.673
0.362
0.529
0.586
0.676
0.354
0.390
0.689
0.324
0.512
0.529
0.553
0.000
0.422
0.474
0.681
0.673
0.447
0.332
0.670
0.338
0.362
0.474
0.670
0.621
0.687
0.469
0.621
0.613
0.362
0.474
0.368
0.311
0.406
0.659
0.649
0.431
0.349
0.548
0.545
0.485
0.722
0.673
0.610
0.368
0.548
0.687
0.316
0.673
0.354
0.643
0.659
0.692
0.406
0.659
0.572
0.730
0.659
0.501
0.531
0.657
0.466
0.657
0.545
0.368
0.529
0.610
0.657
0.638
0.390
0.717
0.703
0.730
0.613
0.722
0.728
0.308
0.678
0.390
0.681
0.368
0.324
0.392
0.572
0.638
0.474
0.319
0.406
0.676
0.349
0.692
0.578
0.706
0.545
0.659
0.392
0.676
0.599
0.512
0.338
0.466
0.659
0.640
0.670
0.512
0.474
0.643
0.730
0.354
0.706
0.763
0.371
0.619
0.793
0.529
0.545
0.687
0.545
0.804
0.678
0.659
0.793
0.572
0.681
0.545
0.687
0.338
0.354
0.545
0.578
0.722
0.730
0.793
0.717
0.324
0.613
0.678
0.681
0.722
0.572
0.545
0.673
0.793
0.243
0.689
0.744
0.512
0.354
0.779
0.531
0.586
0.368
0.267
0.673
0.687
0.793
0.706
0.687
0.730
0.613
0.659
0.610
0.659
0.722
0.313
0.474
0.717
0.311
0.324
0.338
0.670
0.657
0.638
0.354
0.790
0.610
0.643
0.392
0.649
0.267
0.471
0.673
0.431
0.619
0.744
0.632
0.000
0.717
0.564
0.763
0.545
0.719
0.763
0.703
0.681
0.706
0.717
0.466
0.730
0.531
0.659
0.545
0.362
0.354
0.676
0.657
0.687
0.793
0.673
0.613
0.471
0.316
0.706
0.512
0.730
0.368
0.512
0.804
0.466
0.392
0.439
0.319
0.406
0.717
0.610
0.561
0.572
0.501
0.332
0.711
0.717
0.460
0.687
0.779
0.267
0.793
0.572
0.390
0.687
0.439
0.545
0.439
0.349
0.730
0.368
0.390
0.689
0.000
0.793
0.349
0.466
0.643
0.466
0.621
0.657
0.531
0.338
0.447
0.316
0.308
0.313
0.619
0.313
0.485
0.368
0.319
0.319
0.390
0.649
0.471
0.548
0.687
0.406
0.722
0.422
0.531
0.744
0.730
0.703
0.692
0.689
0.779
0.610
0.512
0.689
0.422
0.610
0.744
0.744
0.460
