0.200,0.240,0.200
0.180,0.190,0.230
0.150,0.240,0.230
0.260,0.240,0.200
0.190,0.100,0.190
0.120,0.240,0.230
0.230,0.220,0.320
0.080,0.170,0.170
0.180,0.230,0.320
0.140,0.200,0.240
0.220,0.220,0.300
0.180,0.230,0.320
0.180,0.190,0.260
0.180,0.150,0.250
0.220,0.310,0.280
0.150,0.210,0.190
0.210,0.160,0.230
0.140,0.260,0.230
0.150,0.230,0.220
0.230,0.220,0.280
0.140,0.260,0.230
0.220,0.260,0.260
0.210,0.290,0.200
0.180,0.190,0.260
0.180,0.260,0.250
0.220,0.280,0.240
0.210,0.290,0.200
0.120,0.160,0.310
