0.230,0.510,0.150
0.360,0.330,0.300
0.150,0.630,0.240
0.250,0.570,0.430
0.110,0.440,0.360
0.320,0.400,0.590
0.180,0.200,0.430
0.380,0.360,0.310
0.290,0.330,0.210
0.190,0.200,0.350
0.500,0.400,0.570
0.290,0.330,0.210
0.480,0.420,0.380
0.330,0.280,0.300
0.230,0.530,0.380
0.140,0.330,0.270
0.340,0.610,0.220
0.350,0.430,0.400
0.390,0.460,0.640
0.430,0.430,0.320
0.350,0.430,0.400
0.470,0.400,0.330
0.450,0.180,0.350
0.480,0.420,0.380
0.380,0.200,0.510
0.400,0.470,0.620
0.450,0.180,0.350
0.320,0.450,0.370
