0.290,0.320,0.440
0.520,0.360,0.370
0.420,0.510,0.370
0.230,0.520,0.480
0.530,0.490,0.540
0.520,0.580,0.620
0.160,0.320,0.500
0.420,0.360,0.380
0.400,0.490,0.620
0.390,0.410,0.420
0.480,0.450,0.510
0.400,0.490,0.620
0.500,0.230,0.400
0.570,0.470,0.520
0.380,0.430,0.470
0.430,0.440,0.510
0.510,0.670,0.340
0.360,0.450,0.330
0.430,0.310,0.590
0.300,0.450,0.410
0.360,0.450,0.330
0.490,0.300,0.570
0.470,0.410,0.540
0.500,0.230,0.400
0.280,0.420,0.460
0.340,0.660,0.540
0.470,0.410,0.540
0.350,0.400,0.440
