0.230,0.350,0.340
0.250,0.290,0.270
0.650,0.680,0.710
0.460,0.520,0.380
0.300,0.290,0.280
0.310,0.570,0.550
0.520,0.190,0.270
0.410,0.420,0.290
0.440,0.460,0.340
0.400,0.230,0.300
0.250,0.580,0.440
0.440,0.460,0.340
0.420,0.160,0.310
0.460,0.280,0.220
0.570,0.340,0.290
0.360,0.470,0.290
0.250,0.220,0.400
0.320,0.410,0.280
0.430,0.340,0.270
0.480,0.410,0.310
0.320,0.410,0.280
0.310,0.430,0.300
0.440,0.380,0.430
0.420,0.160,0.310
0.430,0.440,0.500
0.320,0.660,0.370
0.440,0.380,0.430
0.510,0.340,0.230
