0.350
0.240
0.280
0.300
0.310
0.260
0.250
0.330
0.250
0.320
0.340
0.260
0.250
0.330
0.350
0.310
0.280
0.280
0.410
0.360
0.330
0.260
0.350
0.280
0.340
0.270
0.360
0.250
0.300
0.270
0.250
0.320
0.280
0.320
0.310
0.270
0.350
0.270
0.370
0.310
0.330
0.310
0.340
0.330
0.340
0.310
0.310
0.320
0.300
0.300
0.270
0.270
0.370
0.290
0.280
0.310
0.310
0.260
0.250
0.280
0.330
0.280
0.360
0.310
0.260
0.280
0.270
0.260
0.330
0.310
0.360
0.220
0.310
0.300
0.330
0.320
0.390
0.300
0.360
0.410
0.270
0.300
0.360
0.280
0.280
0.400
0.240
0.270
0.310
0.260
0.340
0.290
0.260
0.360
0.270
0.220
0.360
0.340
0.260
0.280
0.380
0.310
0.250
0.350
0.310
0.310
0.250
0.310
0.360
0.320
0.340
0.320
0.260
0.220
0.320
0.340
0.340
0.310
0.260
0.360
0.260
0.290
0.290
0.290
0.310
0.290
0.310
0.320
0.260
0.260
0.290
0.310
0.350
0.270
0.340
0.290
0.260
0.270
0.350
0.260
0.260
0.350
0.270
0.230
0.370
0.270
0.350
0.270
0.300
0.310
0.280
0.310
0.190
0.260
0.360
0.250
