0.260
0.220
0.220
0.200
0.170
0.200
0.190
0.220
0.230
0.180
0.230
0.220
0.230
0.200
0.310
0.170
0.220
0.180
0.230
0.280
0.200
0.140
0.270
0.220
0.250
0.270
0.230
0.230
0.200
0.270
0.260
0.210
0.220
0.180
0.250
0.190
0.290
0.200
0.220
0.170
0.190
0.190
0.240
0.200
0.240
0.170
0.250
0.180
0.220
0.190
0.170
0.270
0.280
0.210
0.220
0.240
0.230
0.200
0.230
0.200
0.280
0.290
0.230
0.240
0.200
0.230
0.270
0.200
0.200
0.250
0.320
0.190
0.250
0.240
0.200
0.180
0.250
0.190
0.320
0.230
0.170
0.220
0.230
0.180
0.180
0.220
0.180
0.270
0.170
0.150
0.250
0.160
0.220
0.280
0.270
0.230
0.280
0.230
0.140
0.200
0.270
0.210
0.230
0.290
0.250
0.230
0.220
0.250
0.320
0.210
0.230
0.220
0.200
0.190
0.180
0.250
0.240
0.250
0.220
0.230
0.200
0.270
0.250
0.260
0.210
0.190
0.210
0.210
0.210
0.200
0.250
0.240
0.240
0.170
0.280
0.190
0.140
0.150
0.290
0.220
0.200
0.270
0.190
0.260
0.280
0.170
0.290
0.270
0.220
0.250
0.180
0.210
0.160
0.200
0.320
0.220
