0.390
0.250
0.340
0.320
0.420
0.370
0.350
0.330
0.310
0.360
0.350
0.360
0.260
0.370
0.340
0.420
0.370
0.420
0.270
0.380
0.370
0.380
0.370
0.370
0.360
0.300
0.320
0.310
0.320
0.300
0.360
0.410
0.340
0.360
0.350
0.350
0.370
0.300
0.370
0.420
0.390
0.350
0.410
0.370
0.410
0.420
0.350
0.360
0.350
0.360
0.420
0.300
0.370
0.370
0.340
0.350
0.380
0.380
0.310
0.390
0.430
0.340
0.320
0.320
0.410
0.240
0.300
0.410
0.370
0.380
0.420
0.310
0.350
0.270
0.370
0.360
0.360
0.360
0.420
0.270
0.420
0.350
0.320
0.420
0.420
0.430
0.260
0.300
0.420
0.360
0.360
0.410
0.360
0.380
0.300
0.330
0.380
0.350
0.380
0.390
0.370
0.410
0.260
0.370
0.350
0.380
0.380
0.380
0.420
0.410
0.350
0.420
0.380
0.310
0.360
0.360
0.410
0.340
0.360
0.320
0.380
0.280
0.300
0.390
0.410
0.380
0.410
0.410
0.320
0.370
0.300
0.320
0.390
0.420
0.390
0.380
0.380
0.340
0.370
0.360
0.370
0.370
0.350
0.300
0.370
0.420
0.370
0.300
0.350
0.350
0.420
0.410
0.310
0.370
0.420
0.380
