0.090
0.100
0.090
0.150
0.110
0.070
0.100
0.120
0.110
0.070
0.110
0.090
0.100
0.070
0.090
0.100
0.110
0.100
0.060
0.110
0.100
0.120
0.120
0.110
0.090
0.100
0.100
0.110
0.110
0.070
0.070
0.060
0.120
0.090
0.060
0.100
0.110
0.120
0.110
0.060
0.060
0.070
0.100
0.070
0.080
0.110
0.100
0.080
0.100
0.130
0.090
0.130
0.100
0.070
0.120
0.120
0.070
0.080
0.110
0.120
0.100
0.090
0.110
0.100
0.100
0.070
0.090
0.110
0.110
0.100
0.090
0.100
0.150
0.120
0.060
0.070
0.100
0.100
0.100
0.060
0.060
0.090
0.070
0.110
0.100
0.090
0.100
0.090
0.060
0.080
0.090
0.050
0.050
0.080
0.090
0.100
0.070
0.070
0.100
0.100
0.100
0.110
0.100
0.130
0.060
0.080
0.080
0.060
0.090
0.100
0.090
0.110
0.070
0.060
0.090
0.100
0.050
0.070
0.090
0.070
0.070
0.130
0.110
0.060
0.080
0.120
0.090
0.070
0.110
