0.220
0.210
0.230
0.200
0.190
0.230
0.190
0.190
0.210
0.260
0.170
0.110
0.240
0.230
0.230
0.210
0.160
0.150
0.180
0.180
0.210
0.260
0.230
0.180
0.220
0.260
0.240
0.220
0.220
0.260
0.230
0.210
0.220
0.230
0.180
0.150
0.210
0.230
0.220
0.290
0.240
0.160
0.180
0.230
0.140
0.180
0.240
0.200
0.170
0.240
0.260
0.170
0.240
0.280
0.200
0.250
0.230
0.200
0.160
0.250
0.210
0.250
0.190
0.190
0.170
0.230
0.260
0.250
0.220
0.240
0.170
0.210
0.200
0.190
0.290
0.190
0.190
0.210
0.230
0.240
0.280
0.160
0.170
0.180
0.150
0.170
0.270
0.170
0.160
0.250
0.170
0.320
0.220
0.200
0.190
0.160
0.230
0.190
0.190
0.190
0.270
0.250
0.170
0.240
0.160
0.200
0.180
0.210
0.210
0.270
0.170
0.160
0.180
0.190
0.230
0.190
0.220
0.270
0.170
0.240
0.160
0.250
0.250
0.160
0.250
0.200
0.260
0.160
0.210
