0.130
0.110
0.120
0.140
0.230
0.140
0.170
0.160
0.140
0.130
0.240
0.160
0.130
0.140
0.120
0.140
0.120
0.170
0.100
0.130
0.120
0.160
0.160
0.130
0.130
0.140
0.190
0.130
0.190
0.180
0.130
0.100
0.200
0.100
0.160
0.170
0.140
0.160
0.130
0.100
0.180
0.140
0.150
0.130
0.130
0.130
0.190
0.150
0.140
0.170
0.190
0.130
0.190
0.200
0.180
0.170
0.130
0.160
0.120
0.170
0.140
0.130
0.160
0.170
0.140
0.130
0.190
0.180
0.130
0.130
0.190
0.120
0.140
0.160
0.100
0.150
0.150
0.140
0.130
0.180
0.160
0.110
0.120
0.130
0.170
0.190
0.150
0.190
0.170
0.110
0.190
0.190
0.180
0.160
0.130
0.120
0.130
0.150
0.130
0.170
0.150
0.180
0.120
0.170
0.130
0.150
0.160
0.100
0.140
0.150
0.190
0.120
0.110
0.120
0.100
0.170
0.180
0.210
0.190
0.120
0.110
0.180
0.180
0.130
0.110
0.180
0.190
0.140
0.140
