0.110
0.190
0.120
0.280
0.150
0.150
0.170
0.170
0.140
0.160
0.260
0.210
0.240
0.150
0.120
0.160
0.140
0.200
0.210
0.190
0.240
0.170
0.190
0.190
0.110
0.190
0.190
0.200
0.200
0.190
0.110
0.180
0.210
0.130
0.260
0.200
0.140
0.190
0.200
0.190
0.210
0.230
0.210
0.110
0.140
0.190
0.190
0.250
0.190
0.220
0.170
0.130
0.190
0.140
0.130
0.240
0.110
0.150
0.140
0.240
0.160
0.190
0.250
0.170
0.190
0.110
0.170
0.190
0.200
0.240
0.190
0.240
0.280
0.170
0.190
0.170
0.240
0.160
0.140
0.210
0.190
0.140
0.160
0.190
0.200
0.260
0.200
0.190
0.220
0.190
0.260
0.140
0.160
0.150
0.240
0.140
0.150
0.170
0.180
0.170
0.200
0.190
0.250
0.220
0.130
0.250
0.150
0.180
0.230
0.200
0.190
0.140
0.220
0.220
0.130
0.170
0.160
0.210
0.260
0.140
0.190
0.140
0.190
0.130
0.190
0.130
0.170
0.230
0.140
