0.170
0.100
0.120
0.120
0.110
0.100
0.060
0.090
0.120
0.140
0.160
0.080
0.120
0.100
0.120
0.040
0.140
0.090
0.100
0.100
0.100
0.140
0.100
0.100
0.170
0.110
0.130
0.100
0.130
0.050
0.100
0.060
0.110
0.120
0.090
0.090
0.120
0.100
0.100
0.140
0.040
0.140
0.120
0.100
0.100
0.100
0.130
0.130
0.040
0.130
0.060
0.100
0.130
0.110
0.140
0.090
0.100
0.090
0.140
0.090
0.040
0.120
0.080
0.060
0.040
0.100
0.060
0.090
0.100
0.120
0.100
0.100
0.120
0.090
0.140
0.060
0.050
0.040
0.080
0.040
0.110
0.090
0.100
0.100
0.090
0.070
0.080
0.100
0.060
0.100
0.070
0.090
0.120
0.090
0.100
0.120
0.050
0.060
0.110
0.060
0.080
0.090
0.110
0.130
0.140
0.130
0.100
0.060
0.110
0.080
0.100
0.140
0.100
0.120
0.120
0.060
0.120
0.090
0.070
0.130
0.090
0.110
0.090
0.140
0.100
0.140
0.060
0.140
0.120
