4.705833213655367109e-01,8.459720691241653379e-01
4.705833213655367109e-01,8.459720691241653379e-01
4.705833213655367109e-01,8.459720691241653379e-01
4.595994727522342282e-01,7.018580553834341540e-01
4.595994727522342282e-01,7.018580553834341540e-01
4.595994727522342282e-01,7.018580553834341540e-01
4.595994727522342282e-01,7.018580553834341540e-01
5.658455313123833541e-01,5.909420383661184717e-01
5.658455313123833541e-01,5.909420383661184717e-01
5.658455313123833541e-01,5.909420383661184717e-01
6.450688537346290774e-01,9.807663859121430461e-01
6.450688537346290774e-01,9.807663859121430461e-01
6.450688537346290774e-01,9.807663859121430461e-01
6.450688537346290774e-01,9.807663859121430461e-01
6.450688537346290774e-01,9.807663859121430461e-01
6.450688537346290774e-01,9.807663859121430461e-01
6.450688537346290774e-01,9.807663859121430461e-01
6.450688537346290774e-01,9.807663859121430461e-01
6.450688537346290774e-01,9.807663859121430461e-01
6.450688537346290774e-01,9.807663859121430461e-01
4.243142409157928396e-01,7.809021364456755210e-01
4.243142409157928396e-01,7.809021364456755210e-01
1.365625186407813108e-01,4.855971692888647051e-01
