0.000,11.671,21.380
0.026,11.919,21.505
0.053,14.776,22.250
0.079,16.018,22.498
0.105,17.011,22.498
0.132,17.756,22.374
0.158,18.129,22.125
0.184,18.998,21.008
0.211,19.247,19.393
0.237,19.868,17.530
0.263,19.868,16.909
0.289,19.619,16.537
0.316,18.626,15.916
0.342,17.384,15.543
0.368,16.266,15.171
0.395,14.776,14.550
0.421,13.906,14.177
0.447,13.658,14.177
0.474,12.913,14.053
0.500,12.540,13.929
0.526,12.665,13.929
0.553,15.769,13.929
0.579,17.135,13.308
0.605,17.508,12.563
0.632,17.756,11.693
0.658,17.756,10.700
0.684,17.384,9.085
0.711,16.515,7.595
0.737,15.521,6.353
0.763,14.403,5.608
0.789,12.416,5.235
0.816,10.802,5.235
0.842,8.318,5.235
0.868,7.200,5.235
0.895,6.206,5.359
0.921,4.840,6.229
0.947,4.344,6.974
0.974,4.344,7.346
1.000,4.344,7.595
