0.000,3.723,20.511
0.027,3.723,20.138
0.054,3.723,17.903
0.081,3.723,16.164
0.108,3.847,15.046
0.135,4.219,14.425
0.162,4.468,13.929
0.189,4.965,13.556
0.216,6.082,13.184
0.243,7.821,13.059
0.270,8.690,12.935
0.297,10.305,12.935
0.324,12.044,12.935
0.351,13.410,13.059
0.378,15.645,14.177
0.405,17.135,15.295
0.432,19.371,17.034
0.459,21.110,18.275
0.486,21.606,19.393
0.514,21.606,19.517
0.541,22.103,20.387
0.568,22.103,20.759
0.595,21.979,21.256
0.622,21.482,21.505
0.649,21.234,21.629
0.676,21.110,21.629
0.703,20.737,19.642
0.730,20.489,17.655
0.757,20.116,15.667
0.784,19.868,13.929
0.811,19.495,12.190
0.838,19.371,10.203
0.865,18.998,8.588
0.892,18.874,7.719
0.919,18.750,6.477
0.946,18.253,5.111
0.973,18.129,4.738
1.000,18.129,4.614
