0.000,10.429,18.648
0.017,10.553,18.648
0.034,11.298,19.145
0.052,11.795,19.393
0.069,12.044,19.393
0.086,12.416,19.517
0.103,13.410,20.014
0.121,14.403,20.263
0.138,14.527,20.263
0.155,15.148,20.263
0.172,16.266,20.635
0.190,16.515,20.759
0.207,16.763,20.759
0.224,17.135,20.759
0.241,17.756,20.759
0.259,18.253,20.511
0.276,19.247,20.138
0.293,19.744,19.642
0.310,20.116,18.772
0.328,20.240,18.151
0.345,20.240,17.406
0.362,19.992,16.661
0.379,19.619,15.667
0.397,19.247,14.922
0.414,18.874,14.053
0.431,18.129,13.059
0.448,17.632,12.314
0.466,17.135,11.693
0.483,16.639,10.948
0.500,15.521,9.706
0.517,14.403,8.340
0.534,13.410,7.595
0.552,12.044,6.601
0.569,10.677,5.980
0.586,9.932,5.732
0.603,9.560,5.608
0.621,9.435,5.608
0.638,9.311,5.732
0.655,9.187,7.471
0.672,9.187,7.719
0.690,9.187,8.837
0.707,9.187,9.830
0.724,9.435,10.203
0.741,10.056,10.824
0.759,10.802,11.196
0.776,11.423,11.569
0.793,11.547,11.569
0.810,12.044,11.942
0.828,12.789,12.190
0.845,13.410,12.563
0.862,14.279,12.563
0.879,15.273,12.563
0.897,16.266,12.438
0.914,17.881,11.817
0.931,19.495,11.072
0.948,20.613,10.451
0.966,21.358,10.327
0.983,22.352,10.203
1.000,22.724,9.955
