0.000,16.763,21.505
0.028,16.639,21.505
0.056,14.776,21.132
0.083,13.410,20.014
0.111,12.540,19.021
0.139,11.919,17.282
0.167,11.298,15.543
0.194,10.677,13.805
0.222,10.305,12.563
0.250,10.181,11.196
0.278,10.181,9.955
0.306,10.305,9.334
0.333,10.553,9.085
0.361,11.050,8.588
0.389,12.168,7.967
0.417,13.285,7.719
0.444,13.658,7.471
0.472,14.155,7.471
0.500,15.148,7.471
0.528,16.018,7.843
0.556,17.135,8.961
0.583,17.881,9.955
0.611,18.626,11.445
0.639,19.619,13.805
0.667,19.868,14.798
0.694,19.868,16.164
0.722,19.619,17.530
0.750,18.874,19.393
0.778,18.377,20.014
0.806,18.129,20.138
0.833,17.135,20.759
0.861,16.887,21.380
0.889,16.639,21.505
0.917,16.266,21.753
0.944,16.142,21.877
0.972,16.018,21.877
1.000,15.894,21.877
