0.103,0.153,0.177
0.070,0.131,0.196
0.070,0.109,0.164
0.089,0.144,0.183
0.077,0.120,0.177
0.086,0.139,0.183
0.086,0.106,0.155
0.084,0.131,0.189
0.089,0.144,0.183
0.091,0.142,0.199
0.079,0.136,0.205
0.091,0.131,0.167
0.062,0.104,0.180
0.084,0.131,0.189
0.091,0.123,0.142
0.091,0.117,0.132
0.070,0.109,0.164
0.108,0.153,0.177
0.082,0.098,0.186
0.091,0.131,0.167
0.103,0.153,0.177
0.079,0.125,0.211
0.091,0.128,0.192
0.079,0.104,0.126
0.091,0.142,0.199
0.084,0.120,0.183
0.070,0.109,0.180
0.084,0.117,0.170
0.077,0.125,0.186
0.084,0.128,0.170
0.089,0.136,0.199
0.091,0.142,0.199
0.082,0.128,0.161
0.089,0.147,0.180
0.082,0.136,0.170
0.086,0.112,0.164
0.096,0.134,0.192
0.084,0.120,0.205
0.086,0.123,0.155
0.079,0.117,0.158
0.070,0.109,0.180
0.082,0.128,0.161
0.084,0.114,0.177
0.096,0.150,0.180
