0.197,0.395,0.543
0.156,0.262,0.265
0.177,0.398,0.473
0.235,0.455,0.596
0.223,0.526,0.574
0.211,0.452,0.379
0.228,0.444,0.502
0.290,0.384,0.375
0.283,0.319,0.543
0.213,0.417,0.470
0.149,0.414,0.442
0.146,0.621,0.517
0.240,0.401,0.334
0.355,0.371,0.580
0.278,0.376,0.432
0.264,0.163,0.650
0.153,0.512,0.451
0.283,0.324,0.609
0.204,0.338,0.552
0.254,0.330,0.549
0.223,0.150,0.322
0.189,0.221,0.562
0.213,0.357,0.287
0.187,0.485,0.486
0.305,0.362,0.565
0.122,0.463,0.549
0.194,0.384,0.571
0.156,0.357,0.432
0.129,0.466,0.498
0.125,0.417,0.397
0.257,0.444,0.426
0.338,0.253,0.344
0.228,0.520,0.426
0.144,0.406,0.483
0.141,0.463,0.539
0.242,0.436,0.464
0.240,0.278,0.584
0.134,0.330,0.511
0.355,0.441,0.451
0.278,0.349,0.533
0.079,0.433,0.369
0.360,0.460,0.442
0.199,0.373,0.451
0.137,0.302,0.530
0.079,0.338,0.410
0.216,0.275,0.555
0.180,0.365,0.568
0.245,0.455,0.514
0.120,0.213,0.492
0.134,0.477,0.555
0.118,0.379,0.593
0.228,0.504,0.388
0.376,0.493,0.486
0.235,0.493,0.596
0.307,0.482,0.492
0.264,0.428,0.587
0.309,0.414,0.492
0.213,0.496,0.442
0.125,0.275,0.596
0.233,0.357,0.593
0.185,0.343,0.593
0.173,0.332,0.691
0.149,0.390,0.637
0.091,0.384,0.473
0.115,0.368,0.363
0.309,0.518,0.508
0.165,0.379,0.533
0.230,0.387,0.527
0.269,0.351,0.577
0.194,0.444,0.495
0.170,0.237,0.521
0.158,0.319,0.401
0.237,0.463,0.429
0.206,0.368,0.580
0.257,0.218,0.565
0.146,0.240,0.489
0.106,0.313,0.423
0.259,0.368,0.568
0.158,0.401,0.558
0.273,0.384,0.483
0.228,0.466,0.502
0.144,0.300,0.186
0.223,0.395,0.549
0.189,0.354,0.483
0.264,0.275,0.442
0.233,0.420,0.489
0.283,0.283,0.502
0.233,0.398,0.467
0.206,0.406,0.612
0.187,0.469,0.391
0.137,0.223,0.536
0.326,0.218,0.328
0.096,0.368,0.489
0.242,0.373,0.555
0.209,0.354,0.527
0.245,0.332,0.413
0.305,0.281,0.527
0.134,0.316,0.429
0.293,0.297,0.549
0.137,0.379,0.555
0.156,0.332,0.435
0.237,0.324,0.508
0.185,0.485,0.429
0.149,0.591,0.486
0.141,0.289,0.574
0.307,0.308,0.492
0.194,0.234,0.467
0.209,0.215,0.489
0.101,0.452,0.360
