0.141,0.338,0.391
0.089,0.289,0.243
0.146,0.360,0.495
0.225,0.332,0.590
0.247,0.444,0.565
0.153,0.354,0.391
0.283,0.553,0.514
0.288,0.313,0.438
0.197,0.262,0.549
0.221,0.338,0.631
0.185,0.346,0.394
0.122,0.613,0.521
0.307,0.428,0.278
0.269,0.349,0.606
0.252,0.444,0.457
0.223,0.128,0.634
0.189,0.420,0.407
0.228,0.398,0.621
0.122,0.371,0.432
0.245,0.324,0.426
0.137,0.237,0.208
0.144,0.221,0.473
0.153,0.330,0.350
0.189,0.398,0.385
0.228,0.384,0.609
0.120,0.390,0.457
0.170,0.428,0.596
0.161,0.362,0.483
0.151,0.447,0.502
0.108,0.414,0.470
0.182,0.351,0.401
0.307,0.360,0.328
0.216,0.406,0.315
0.106,0.431,0.426
0.113,0.496,0.435
0.120,0.384,0.416
0.197,0.313,0.521
0.144,0.351,0.492
0.384,0.490,0.303
0.240,0.305,0.527
0.101,0.349,0.451
0.386,0.499,0.350
0.199,0.346,0.536
0.120,0.243,0.527
0.062,0.417,0.369
0.185,0.215,0.593
0.106,0.403,0.584
0.223,0.534,0.514
0.141,0.147,0.467
0.079,0.515,0.625
0.106,0.283,0.527
0.211,0.608,0.363
0.374,0.499,0.360
0.223,0.376,0.464
0.252,0.523,0.565
0.225,0.381,0.454
0.225,0.387,0.397
0.233,0.406,0.435
0.122,0.259,0.527
0.127,0.395,0.442
0.170,0.403,0.539
0.173,0.302,0.744
0.091,0.371,0.612
0.065,0.327,0.467
0.043,0.439,0.435
0.288,0.420,0.470
0.161,0.384,0.426
0.163,0.392,0.429
0.242,0.327,0.410
0.156,0.439,0.539
0.163,0.262,0.391
0.156,0.275,0.331
0.180,0.395,0.356
0.180,0.297,0.502
0.223,0.215,0.571
0.077,0.229,0.454
0.050,0.439,0.391
0.285,0.349,0.530
0.101,0.401,0.621
0.245,0.349,0.546
0.278,0.534,0.521
0.098,0.292,0.249
0.180,0.431,0.442
0.213,0.330,0.521
0.211,0.327,0.363
0.185,0.351,0.331
0.170,0.305,0.461
0.151,0.414,0.514
0.177,0.441,0.530
0.158,0.357,0.470
0.086,0.223,0.420
0.305,0.341,0.274
0.077,0.354,0.457
0.122,0.376,0.476
0.233,0.300,0.555
0.225,0.327,0.401
0.168,0.316,0.470
0.070,0.289,0.423
0.350,0.439,0.492
0.096,0.360,0.596
0.161,0.311,0.473
0.225,0.330,0.394
0.199,0.450,0.492
0.125,0.638,0.514
0.118,0.286,0.565
0.247,0.262,0.461
0.177,0.267,0.442
0.185,0.251,0.438
0.098,0.357,0.467
