0.082,0.316,0.262
0.067,0.215,0.290
0.115,0.289,0.451
0.058,0.136,0.394
0.053,0.447,0.599
0.070,0.469,0.467
0.156,0.305,0.539
0.120,0.289,0.306
0.206,0.237,0.350
0.082,0.341,0.442
0.036,0.172,0.315
0.062,0.049,0.558
0.058,0.188,0.227
0.079,0.188,0.473
0.091,0.311,0.445
0.082,0.379,0.587
0.067,0.210,0.306
0.228,0.286,0.527
0.115,0.422,0.562
0.084,0.357,0.505
0.055,0.316,0.319
0.077,0.267,0.410
0.082,0.376,0.650
0.062,0.213,0.312
0.228,0.283,0.517
0.060,0.379,0.401
0.058,0.259,0.574
0.070,0.411,0.243
0.134,0.071,0.287
0.110,0.272,0.423
0.046,0.172,0.312
0.058,0.183,0.252
0.189,0.095,0.215
0.120,0.267,0.448
0.048,0.493,0.407
0.161,0.390,0.429
0.038,0.221,0.438
0.070,0.054,0.432
0.086,0.248,0.246
0.122,0.283,0.479
0.065,0.286,0.328
0.082,0.283,0.259
0.149,0.422,0.489
0.122,0.232,0.334
0.034,0.283,0.514
0.067,0.275,0.297
0.312,0.480,0.521
0.096,0.387,0.514
0.046,0.428,0.562
0.242,0.169,0.517
0.132,0.381,0.297
0.197,0.095,0.208
0.077,0.272,0.233
0.127,0.199,0.489
0.043,0.466,0.590
0.115,0.166,0.464
0.070,0.330,0.461
0.079,0.392,0.356
0.122,0.234,0.344
0.115,0.422,0.571
0.115,0.065,0.338
0.077,0.275,0.726
0.314,0.474,0.539
0.036,0.360,0.375
0.034,0.283,0.476
0.149,0.243,0.315
0.163,0.381,0.511
0.151,0.403,0.442
0.079,0.360,0.498
0.132,0.071,0.290
0.175,0.302,0.549
0.058,0.202,0.372
0.285,0.311,0.640
0.209,0.245,0.473
0.091,0.207,0.404
0.086,0.234,0.514
0.055,0.281,0.498
0.050,0.319,0.631
0.273,0.480,0.584
0.055,0.316,0.590
0.156,0.335,0.587
0.065,0.193,0.297
0.156,0.390,0.511
0.151,0.406,0.483
0.120,0.289,0.394
0.094,0.368,0.341
0.197,0.223,0.505
0.072,0.264,0.306
0.118,0.068,0.325
0.070,0.431,0.240
0.079,0.237,0.511
0.058,0.174,0.230
0.038,0.365,0.382
0.115,0.422,0.565
0.127,0.283,0.470
0.118,0.286,0.448
0.201,0.223,0.476
0.129,0.349,0.517
0.125,0.245,0.338
0.295,0.474,0.517
0.062,0.409,0.237
0.079,0.351,0.530
0.070,0.221,0.492
0.074,0.049,0.530
0.118,0.243,0.341
0.058,0.221,0.375
0.204,0.245,0.552
0.103,0.436,0.489
0.060,0.294,0.328
