0.170
0.160
0.170
0.210
0.220
0.080
0.210
0.310
0.130
0.140
0.140
0.220
0.240
0.130
0.190
0.160
0.250
0.230
0.130
0.150
0.180
0.200
0.070
0.200
0.130
0.220
0.100
0.210
0.200
0.260
0.200
0.190
0.320
0.170
0.260
0.070
0.140
0.220
0.190
0.180
0.180
0.070
0.180
0.110
0.130
0.130
0.180
0.230
0.150
0.210
0.190
0.170
0.160
0.180
0.210
0.250
0.130
0.190
0.180
0.140
0.170
0.230
0.140
0.200
0.150
0.140
0.150
0.210
0.110
0.070
0.180
0.140
0.320
0.200
0.170
0.250
0.310
0.230
0.140
0.180
0.220
0.070
0.140
0.140
0.260
0.170
0.160
0.140
0.100
0.070
0.240
0.220
0.190
0.190
0.200
0.170
0.190
0.110
0.200
0.170
0.190
0.100
0.180
0.130
0.220
0.170
0.100
0.200
0.210
0.100
0.200
0.160
0.160
0.160
0.160
0.190
0.130
0.140
0.250
0.250
0.160
0.140
0.200
0.170
0.230
0.130
0.170
0.100
0.130
0.130
0.250
0.170
0.210
0.100
0.110
0.220
0.210
0.140
0.190
0.200
0.120
0.160
0.230
0.150
0.170
0.200
0.190
0.180
0.160
0.130
0.170
0.220
0.180
0.150
0.230
0.140
0.150
0.210
0.160
0.120
0.180
0.190
0.120
0.190
0.160
0.200
0.170
0.190
0.110
0.130
0.130
0.140
0.200
0.140
0.160
0.190
0.110
0.240
0.180
0.130
