0.380
0.450
0.360
0.210
0.520
0.240
0.390
0.200
0.350
0.520
0.160
0.380
0.250
0.240
0.270
0.220
0.350
0.190
0.270
0.280
0.310
0.360
0.410
0.150
0.190
0.380
0.160
0.390
0.320
0.170
0.170
0.290
0.210
0.170
0.300
0.410
0.250
0.230
0.320
0.310
0.370
0.410
0.370
0.310
0.350
0.070
0.200
0.440
0.230
0.180
0.250
0.400
0.450
0.370
0.180
0.350
0.340
0.270
0.370
0.280
0.350
0.290
0.280
0.170
0.280
0.520
0.300
0.180
0.330
0.410
0.310
0.350
0.210
0.380
0.230
0.350
0.200
0.190
0.250
0.310
0.520
0.410
0.520
0.350
0.170
0.380
0.300
0.350
0.230
0.410
0.250
0.230
0.360
0.320
0.360
0.400
0.220
0.330
0.170
0.400
0.120
0.160
0.200
0.270
0.430
0.350
0.160
0.320
0.210
0.160
0.380
0.100
0.220
0.420
0.100
0.220
0.190
0.160
0.200
0.350
0.490
0.520
0.170
0.400
0.190
0.070
0.400
0.230
0.350
0.280
0.350
0.350
0.310
0.160
0.330
0.380
0.240
0.250
0.270
0.150
0.210
0.420
0.440
0.230
0.400
0.360
0.120
0.310
0.450
0.240
0.350
0.520
0.390
0.220
0.190
0.310
0.300
0.390
0.130
0.270
0.370
0.270
0.210
0.270
0.130
0.320
0.360
0.220
0.330
0.350
0.340
0.280
0.320
0.520
0.490
0.270
0.330
0.230
0.100
0.070
