0.550
0.520
0.410
0.390
0.630
0.410
0.590
0.520
0.470
0.670
0.470
0.510
0.430
0.410
0.310
0.530
0.560
0.510
0.530
0.550
0.420
0.490
0.320
0.420
0.420
0.510
0.400
0.590
0.450
0.410
0.430
0.420
0.480
0.400
0.450
0.320
0.650
0.570
0.420
0.620
0.470
0.320
0.470
0.410
0.470
0.210
0.320
0.380
0.290
0.370
0.350
0.490
0.520
0.470
0.370
0.560
0.410
0.310
0.470
0.410
0.380
0.540
0.410
0.430
0.550
0.670
0.420
0.370
0.480
0.320
0.420
0.430
0.480
0.640
0.410
0.560
0.520
0.510
0.650
0.420
0.630
0.320
0.670
0.430
0.410
0.550
0.320
0.430
0.520
0.320
0.430
0.570
0.600
0.420
0.550
0.490
0.280
0.480
0.430
0.490
0.320
0.400
0.320
0.530
0.470
0.380
0.400
0.350
0.390
0.400
0.640
0.380
0.530
0.520
0.380
0.280
0.420
0.470
0.430
0.560
0.580
0.670
0.430
0.570
0.510
0.210
0.570
0.520
0.470
0.430
0.560
0.380
0.510
0.450
0.480
0.510
0.440
0.650
0.490
0.420
0.410
0.520
0.380
0.290
0.570
0.490
0.320
0.420
0.520
0.410
0.380
0.630
0.420
0.580
0.510
0.370
0.500
0.590
0.460
0.460
0.470
0.310
0.410
0.400
0.460
0.350
0.460
0.280
0.480
0.470
0.410
0.410
0.350
0.670
0.580
0.400
0.480
0.530
0.340
0.210
