0.580
0.480
0.350
0.430
0.580
0.510
0.420
0.530
0.390
0.550
0.460
0.610
0.510
0.410
0.370
0.520
0.470
0.590
0.410
0.500
0.520
0.410
0.430
0.540
0.380
0.610
0.530
0.420
0.430
0.390
0.340
0.410
0.440
0.380
0.440
0.430
0.630
0.550
0.430
0.590
0.430
0.430
0.430
0.530
0.390
0.320
0.450
0.420
0.340
0.580
0.410
0.500
0.480
0.430
0.580
0.470
0.490
0.370
0.430
0.400
0.450
0.530
0.400
0.340
0.500
0.550
0.470
0.580
0.500
0.430
0.520
0.380
0.440
0.650
0.400
0.470
0.530
0.590
0.630
0.520
0.580
0.430
0.550
0.380
0.390
0.580
0.360
0.380
0.620
0.430
0.510
0.550
0.300
0.430
0.520
0.500
0.350
0.500
0.340
0.500
0.400
0.530
0.450
0.410
0.530
0.450
0.530
0.390
0.430
0.530
0.650
0.460
0.520
0.560
0.460
0.350
0.380
0.460
0.380
0.470
0.470
0.550
0.340
0.450
0.590
0.320
0.450
0.620
0.390
0.380
0.470
0.450
0.370
0.390
0.500
0.610
0.500
0.630
0.550
0.540
0.670
0.560
0.420
0.340
0.450
0.410
0.400
0.520
0.480
0.410
0.450
0.580
0.620
0.490
0.590
0.520
0.570
0.420
0.460
0.540
0.430
0.370
0.670
0.390
0.460
0.390
0.390
0.350
0.500
0.390
0.490
0.400
0.390
0.550
0.470
0.390
0.500
0.460
0.350
0.320
