0.570
0.640
0.490
0.400
0.440
0.460
0.500
0.530
0.430
0.680
0.300
0.480
0.410
0.360
0.530
0.340
0.430
0.460
0.400
0.470
0.480
0.560
0.510
0.360
0.410
0.480
0.370
0.500
0.390
0.500
0.290
0.400
0.360
0.340
0.410
0.510
0.460
0.410
0.500
0.320
0.450
0.510
0.450
0.400
0.430
0.310
0.410
0.550
0.330
0.380
0.380
0.570
0.640
0.450
0.380
0.430
0.420
0.530
0.450
0.400
0.330
0.570
0.400
0.290
0.470
0.680
0.390
0.380
0.350
0.510
0.480
0.540
0.360
0.630
0.290
0.430
0.530
0.460
0.460
0.480
0.440
0.510
0.680
0.540
0.500
0.570
0.370
0.540
0.440
0.510
0.410
0.410
0.510
0.500
0.500
0.570
0.300
0.350
0.290
0.570
0.290
0.370
0.410
0.400
0.450
0.330
0.370
0.450
0.400
0.370
0.630
0.420
0.340
0.540
0.420
0.300
0.410
0.300
0.400
0.430
0.490
0.680
0.290
0.650
0.460
0.310
0.650
0.440
0.430
0.420
0.430
0.330
0.450
0.420
0.350
0.480
0.520
0.460
0.470
0.360
0.470
0.540
0.550
0.330
0.650
0.560
0.290
0.480
0.640
0.360
0.330
0.440
0.440
0.360
0.460
0.380
0.570
0.500
0.390
0.530
0.450
0.530
0.470
0.450
0.390
0.450
0.510
0.300
0.350
0.430
0.420
0.400
0.450
0.680
0.490
0.450
0.350
0.490
0.310
0.310
