0.161
0.185
0.163
0.150
0.180
0.153
0.163
0.153
0.158
0.144
0.199
0.153
0.172
0.150
0.155
0.158
0.177
0.163
0.155
0.166
0.166
0.177
0.142
0.142
0.150
0.150
0.166
0.202
0.163
0.202
0.185
0.136
0.166
0.180
0.174
0.150
0.163
0.158
0.180
0.158
0.150
0.153
0.180
0.158
0.199
0.166
0.169
0.177
0.163
0.174
0.166
0.153
0.139
0.158
0.166
0.144
0.166
0.161
0.158
0.161
0.177
0.169
0.142
0.163
0.153
0.161
0.158
0.158
0.153
0.180
0.180
0.174
0.147
0.183
0.155
0.166
0.153
0.153
0.144
0.142
0.199
0.177
0.169
0.142
0.183
0.177
0.158
0.202
0.158
0.144
0.150
0.166
0.172
0.166
0.158
0.174
0.166
0.153
0.144
0.144
0.147
0.155
0.153
0.174
0.174
0.161
0.158
0.166
0.142
0.180
0.169
0.174
0.153
0.169
0.177
0.163
0.163
0.153
0.147
0.147
0.163
0.163
0.191
0.153
0.150
0.158
0.161
0.174
0.163
0.161
0.153
0.161
0.144
0.153
0.155
0.166
0.155
0.153
0.180
0.150
0.147
0.153
0.174
0.161
0.150
0.144
0.144
0.180
0.142
0.161
0.172
0.136
0.180
0.169
0.166
0.153
0.147
0.150
0.144
0.163
0.169
0.150
0.147
0.150
0.163
0.174
0.144
0.158
0.180
0.180
0.161
0.199
0.180
0.180
0.180
0.196
0.166
0.185
0.163
0.144
0.169
0.185
0.169
0.169
0.169
0.147
0.142
0.150
0.144
0.202
0.166
0.199
0.144
0.169
0.183
0.177
0.161
0.177
0.174
0.169
0.166
0.147
0.142
0.199
0.180
0.158
0.172
0.166
0.144
0.158
0.136
0.166
0.144
0.153
0.196
0.158
0.161
0.158
0.180
0.172
0.161
0.158
0.180
0.191
0.153
0.163
0.166
0.147
0.180
0.180
0.180
0.139
0.153
0.196
0.180
0.153
0.144
0.153
0.144
0.161
0.139
0.153
0.166
0.144
0.166
0.153
0.180
0.172
0.180
0.142
0.169
0.180
0.177
0.142
0.142
0.144
0.174
0.172
0.166
0.177
0.174
0.172
0.183
0.191
0.163
0.177
0.153
0.163
0.153
0.180
0.144
0.180
0.172
0.180
0.174
0.144
0.166
0.153
0.172
0.185
0.144
0.147
0.177
0.166
0.147
0.153
0.147
0.174
0.161
0.153
0.142
0.180
0.153
0.144
0.150
0.180
0.139
0.153
0.169
0.196
0.177
0.174
0.144
0.177
0.166
0.163
0.169
0.174
0.166
0.180
0.139
0.188
0.142
0.180
0.153
0.177
0.150
0.180
0.177
0.144
0.150
0.199
0.144
0.188
0.174
0.174
0.142
0.161
0.144
0.180
0.180
0.158
0.169
0.147
0.153
0.180
0.153
0.163
0.166
0.166
0.180
0.191
0.150
0.163
0.166
0.153
0.166
0.155
0.153
0.199
0.180
0.150
0.177
0.139
0.202
0.172
0.180
0.161
0.144
0.158
0.172
0.180
0.172
0.180
0.166
0.150
0.172
0.169
0.169
0.136
0.161
0.180
0.142
0.172
0.183
0.155
0.142
0.139
0.180
0.144
0.150
0.150
0.163
0.161
0.169
0.169
0.163
0.144
0.180
0.166
0.172
0.163
0.183
0.166
0.174
0.166
0.163
0.191
0.166
0.177
0.158
0.161
0.158
0.174
0.180
0.155
0.166
0.177
0.144
0.139
0.169
0.180
0.155
0.161
0.166
0.163
0.153
0.199
0.153
0.144
0.150
0.166
0.161
0.163
0.174
0.153
0.191
0.147
0.161
0.161
