0.719
0.646
0.673
0.757
0.668
0.597
0.730
0.698
0.629
0.771
0.809
0.000
0.395
0.698
0.698
0.741
0.714
0.730
0.698
0.496
0.692
0.771
0.346
0.883
0.757
0.698
0.692
0.602
0.580
0.602
0.646
0.700
0.414
0.785
0.698
0.698
0.730
0.741
0.801
0.608
0.662
0.728
0.640
0.649
0.292
0.692
0.700
0.771
0.779
0.714
0.414
0.698
0.673
0.649
0.736
0.736
0.466
0.793
0.741
0.752
0.856
0.782
0.501
0.730
0.782
0.719
0.373
0.373
0.755
0.640
0.678
0.790
0.657
0.681
0.599
0.692
0.520
0.777
0.744
0.640
0.809
0.771
0.782
0.501
0.779
0.714
0.629
0.602
0.649
0.749
0.757
0.692
0.395
0.466
0.629
0.569
0.466
0.000
0.749
0.782
0.741
0.752
0.728
0.698
0.741
0.752
0.608
0.466
0.346
0.640
0.853
0.698
0.000
0.782
0.638
0.779
0.812
0.520
0.689
0.741
0.812
0.779
0.779
0.000
0.752
0.649
0.752
0.741
0.779
0.752
0.755
0.719
0.782
0.000
0.698
0.692
0.698
0.782
0.678
0.752
0.657
0.597
0.698
0.420
0.757
0.749
0.749
0.785
0.640
0.629
0.777
0.700
0.785
0.700
0.466
0.698
0.741
0.757
0.504
0.779
0.853
0.752
0.741
0.657
0.580
0.790
0.744
0.741
0.654
0.801
0.629
0.809
0.640
0.640
0.668
0.586
0.692
0.646
0.779
0.736
0.692
0.646
0.561
0.561
0.853
0.657
0.501
0.662
0.771
0.602
0.466
0.292
0.736
0.561
0.681
0.638
0.629
0.714
0.714
0.692
0.692
0.657
0.883
0.292
0.668
0.741
0.815
0.692
0.749
0.629
0.700
0.736
0.782
0.000
0.586
0.608
0.629
0.308
0.654
0.777
0.793
0.629
0.654
0.779
0.782
0.673
0.466
0.657
0.711
0.668
0.678
0.575
0.597
0.586
0.678
0.000
0.749
0.698
0.782
0.719
0.575
0.698
0.736
0.638
0.692
0.597
0.668
0.815
0.640
0.883
0.561
0.678
0.714
0.883
0.346
0.782
0.569
0.771
0.736
0.771
0.569
0.395
0.779
0.779
0.730
0.856
0.755
0.779
0.698
0.801
0.504
0.678
0.395
0.711
0.741
0.782
0.466
0.782
0.815
0.646
0.771
0.689
0.638
0.692
0.689
0.000
0.741
0.741
0.719
0.520
0.501
0.678
0.728
0.736
0.657
0.678
0.575
0.755
0.700
0.586
0.714
0.741
0.771
0.856
0.496
0.779
0.700
0.569
0.496
0.785
0.575
0.749
0.346
0.668
0.665
0.638
0.752
0.801
0.638
0.638
0.657
0.292
0.771
0.749
0.714
0.790
0.346
0.629
0.504
0.711
0.529
0.373
0.692
0.657
0.755
0.678
0.755
0.673
0.736
0.793
0.529
0.779
0.657
0.580
0.496
0.597
0.496
0.599
0.777
0.292
0.801
0.657
0.638
0.673
0.602
0.815
0.668
0.752
0.749
0.308
0.777
0.711
0.395
0.654
0.692
0.752
0.395
0.692
0.700
0.700
0.752
0.785
0.883
0.395
0.681
0.698
0.346
0.575
0.711
0.744
0.757
0.757
0.779
0.629
0.853
0.700
0.812
0.744
0.654
0.692
0.395
0.812
0.681
0.414
0.569
0.496
0.673
0.779
0.692
0.714
0.608
0.629
0.629
0.790
0.640
0.752
0.496
0.638
0.749
0.575
0.695
0.801
0.599
0.793
0.414
0.730
0.782
0.809
0.728
0.638
0.657
0.414
0.629
0.673
0.714
0.000
0.779
0.689
0.752
0.793
