0.708
0.736
0.760
0.670
0.594
0.357
0.768
0.474
0.861
0.676
0.891
0.640
0.670
0.847
0.809
0.741
0.798
0.768
0.809
0.771
0.657
0.643
0.597
0.760
0.670
0.847
0.760
0.828
0.665
0.828
0.736
0.820
0.357
0.809
0.779
0.847
0.768
0.741
0.845
0.826
0.809
0.875
0.856
0.790
0.583
0.657
0.777
0.643
0.796
0.752
0.357
0.474
0.654
0.790
0.730
0.768
0.711
0.706
0.741
0.676
0.790
0.771
0.406
0.768
0.793
0.708
0.610
0.610
0.000
0.856
0.681
0.678
0.711
0.738
0.632
0.760
0.668
0.798
0.853
0.755
0.891
0.643
0.771
0.406
0.807
0.798
0.861
0.828
0.790
0.681
0.670
0.760
0.670
0.711
0.861
0.550
0.711
0.640
0.681
0.728
0.774
0.809
0.875
0.779
0.771
0.676
0.826
0.711
0.597
0.856
0.638
0.779
0.640
0.771
0.905
0.796
0.757
0.668
0.730
0.774
0.757
0.796
0.856
0.640
0.738
0.790
0.676
0.771
0.796
0.676
0.000
0.708
0.728
0.640
0.809
0.657
0.809
0.793
0.681
0.738
0.711
0.357
0.779
0.398
0.670
0.681
0.681
0.809
0.755
0.831
0.700
0.820
0.809
0.777
0.711
0.474
0.774
0.670
0.610
0.796
0.638
0.738
0.774
0.662
0.665
0.678
0.853
0.741
0.668
0.845
0.831
0.891
0.856
0.856
0.594
0.736
0.760
0.736
0.796
0.768
0.531
0.736
0.717
0.717
0.638
0.711
0.406
0.809
0.676
0.828
0.711
0.583
0.768
0.717
0.738
0.905
0.831
0.798
0.752
0.531
0.760
0.711
0.760
0.583
0.594
0.741
0.817
0.760
0.681
0.861
0.820
0.730
0.728
0.766
0.736
0.826
0.831
0.411
0.668
0.700
0.706
0.861
0.668
0.856
0.793
0.760
0.711
0.711
0.752
0.594
0.681
0.670
0.357
0.736
0.681
0.640
0.681
0.474
0.728
0.708
0.670
0.474
0.730
0.719
0.760
0.357
0.594
0.817
0.856
0.760
0.717
0.681
0.798
0.760
0.597
0.728
0.550
0.755
0.730
0.643
0.550
0.670
0.807
0.856
0.768
0.790
0.000
0.796
0.474
0.845
0.610
0.681
0.670
0.752
0.771
0.728
0.711
0.793
0.817
0.736
0.676
0.730
0.817
0.760
0.730
0.640
0.774
0.771
0.708
0.668
0.406
0.681
0.875
0.768
0.662
0.681
0.670
0.000
0.777
0.736
0.798
0.771
0.676
0.790
0.771
0.796
0.777
0.550
0.771
0.809
0.670
0.755
0.597
0.594
0.638
0.905
0.738
0.845
0.817
0.719
0.662
0.583
0.676
0.755
0.752
0.678
0.597
0.831
0.610
0.752
0.747
0.610
0.531
0.711
0.000
0.681
0.000
0.760
0.730
0.817
0.747
0.856
0.662
0.665
0.771
0.357
0.771
0.632
0.798
0.583
0.845
0.662
0.905
0.654
0.828
0.817
0.594
0.676
0.681
0.411
0.700
0.752
0.670
0.668
0.657
0.738
0.670
0.531
0.777
0.820
0.676
0.809
0.760
0.670
0.738
0.809
0.597
0.670
0.752
0.853
0.670
0.670
0.796
0.831
0.638
0.777
0.757
0.853
0.668
0.760
0.670
0.757
0.738
0.357
0.550
0.771
0.760
0.856
0.657
0.798
0.826
0.831
0.861
0.678
0.856
0.809
0.771
0.905
0.681
0.670
0.820
0.845
0.632
0.706
0.357
0.768
0.793
0.891
0.875
0.719
0.662
0.357
0.831
0.760
0.752
0.766
0.856
0.730
0.676
0.706
