0.749
0.000
0.719
0.646
0.736
0.820
0.670
0.635
0.779
0.670
0.749
0.000
0.692
0.804
0.640
0.918
0.837
0.670
0.640
0.684
0.000
0.619
0.000
0.659
0.646
0.804
0.692
0.676
0.670
0.676
0.000
0.000
0.000
0.670
0.752
0.804
0.670
0.918
0.826
0.807
0.708
0.692
0.738
0.000
0.766
0.000
0.793
0.619
0.613
0.599
0.000
0.635
0.861
0.000
0.575
0.725
0.681
0.678
0.918
0.000
0.722
0.698
0.741
0.670
0.839
0.749
0.640
0.640
0.665
0.738
0.000
0.774
0.760
0.719
0.662
0.692
0.809
0.000
0.760
0.787
0.749
0.619
0.698
0.741
0.785
0.837
0.779
0.676
0.000
0.665
0.646
0.692
0.692
0.681
0.779
0.774
0.681
0.000
0.665
0.512
0.826
0.000
0.692
0.752
0.000
0.000
0.807
0.681
0.000
0.738
0.719
0.752
0.000
0.698
0.589
0.613
0.670
0.809
0.719
0.826
0.670
0.613
0.000
0.000
0.774
0.000
0.000
0.000
0.613
0.000
0.665
0.749
0.512
0.000
0.640
0.000
0.640
0.839
0.000
0.774
0.760
0.820
0.752
0.580
0.646
0.665
0.665
0.670
0.787
0.790
0.000
0.000
0.670
0.793
0.681
0.635
0.826
0.646
0.711
0.613
0.719
0.774
0.826
0.646
0.670
0.774
0.760
0.918
0.766
0.826
0.790
0.749
0.738
0.738
0.736
0.564
0.692
0.000
0.613
0.725
0.657
0.000
0.708
0.708
0.719
0.760
0.741
0.708
0.670
0.676
0.681
0.766
0.725
0.708
0.719
0.589
0.790
0.837
0.599
0.657
0.692
0.760
0.659
0.766
0.736
0.918
0.687
0.692
0.665
0.779
0.000
0.575
0.512
0.809
0.564
0.807
0.790
0.610
0.766
0.000
0.678
0.779
0.766
0.000
0.839
0.719
0.681
0.760
0.000
0.736
0.000
0.583
0.820
0.564
0.000
0.000
0.665
0.635
0.512
0.749
0.583
0.635
0.575
0.708
0.692
0.820
0.736
0.687
0.738
0.659
0.708
0.000
0.837
0.659
0.000
0.512
0.774
0.796
0.575
0.619
0.774
0.692
0.785
0.000
0.670
0.722
0.665
0.613
0.635
0.826
0.711
0.000
0.692
0.000
0.000
0.512
0.681
0.839
0.687
0.000
0.670
0.719
0.646
0.692
0.719
0.000
0.826
0.000
0.749
0.809
0.741
0.000
0.692
0.725
0.646
0.000
0.583
0.665
0.793
0.564
0.837
0.000
0.670
0.722
0.684
0.613
0.793
0.774
0.684
0.670
0.583
0.572
0.000
0.736
0.000
0.589
0.774
0.826
0.646
0.708
0.646
0.766
0.670
0.572
0.599
0.774
0.000
0.790
0.711
0.000
0.668
0.640
0.657
0.760
0.665
0.000
0.665
0.719
0.575
0.828
0.668
0.000
0.646
0.670
0.684
0.820
0.684
0.662
0.000
0.766
0.826
0.646
0.589
0.861
0.676
0.687
0.736
0.000
0.665
0.610
0.000
0.000
0.692
0.766
0.000
0.774
0.692
0.657
0.793
0.000
0.000
0.670
0.659
0.692
0.719
0.640
0.000
0.583
0.000
0.760
0.646
0.646
0.613
0.790
0.719
0.793
0.670
0.760
0.766
0.692
0.692
0.670
0.719
0.000
0.774
0.684
0.719
0.000
0.000
0.837
0.807
0.790
0.779
0.774
0.738
0.000
0.684
0.589
0.665
0.583
0.662
0.826
0.662
0.678
0.000
0.670
0.839
0.749
0.692
0.708
0.646
0.000
0.790
0.719
0.599
0.809
0.000
0.719
0.000
0.678
