0.610
0.531
0.760
0.689
0.553
0.676
0.561
0.390
0.332
0.777
0.706
0.316
0.621
0.793
0.545
0.640
0.485
0.561
0.545
0.613
0.469
0.529
0.673
0.640
0.689
0.793
0.719
0.659
0.610
0.659
0.531
0.670
0.512
0.319
0.730
0.793
0.561
0.640
0.728
0.422
0.368
0.711
0.512
0.687
0.460
0.469
0.657
0.529
0.643
0.471
0.512
0.390
0.717
0.687
0.311
0.687
0.501
0.681
0.640
0.368
0.324
0.338
0.319
0.561
0.659
0.610
0.564
0.564
0.610
0.512
0.744
0.474
0.578
0.779
0.599
0.719
0.267
0.687
0.313
0.722
0.706
0.529
0.338
0.319
0.586
0.485
0.332
0.659
0.687
0.545
0.689
0.719
0.621
0.501
0.332
0.572
0.501
0.316
0.545
0.548
0.681
0.804
0.711
0.730
0.638
0.368
0.422
0.501
0.673
0.512
0.730
0.730
0.316
0.338
0.390
0.643
0.703
0.267
0.695
0.681
0.703
0.643
0.406
0.316
0.722
0.687
0.368
0.638
0.643
0.368
0.610
0.610
0.548
0.316
0.545
0.469
0.545
0.659
0.744
0.722
0.578
0.676
0.730
0.362
0.689
0.545
0.545
0.319
0.722
0.431
0.790
0.670
0.319
0.657
0.501
0.390
0.681
0.689
0.000
0.643
0.730
0.722
0.681
0.569
0.610
0.474
0.313
0.640
0.354
0.728
0.431
0.706
0.512
0.512
0.553
0.678
0.719
0.531
0.643
0.687
0.717
0.531
0.439
0.439
0.730
0.578
0.319
0.368
0.777
0.659
0.501
0.460
0.687
0.439
0.779
0.390
0.431
0.485
0.471
0.717
0.719
0.578
0.640
0.460
0.553
0.640
0.545
0.719
0.545
0.332
0.670
0.311
0.548
0.392
0.678
0.422
0.431
0.474
0.354
0.790
0.681
0.332
0.354
0.406
0.659
0.760
0.501
0.578
0.619
0.553
0.744
0.673
0.676
0.678
0.744
0.316
0.545
0.390
0.548
0.610
0.673
0.390
0.311
0.763
0.719
0.676
0.553
0.545
0.512
0.640
0.439
0.744
0.485
0.640
0.673
0.548
0.572
0.649
0.311
0.529
0.572
0.621
0.586
0.406
0.561
0.324
0.610
0.643
0.390
0.728
0.000
0.744
0.621
0.619
0.638
0.548
0.501
0.659
0.545
0.531
0.777
0.695
0.447
0.719
0.695
0.316
0.681
0.638
0.610
0.267
0.319
0.744
0.711
0.687
0.569
0.744
0.673
0.610
0.657
0.678
0.485
0.638
0.777
0.324
0.613
0.643
0.657
0.572
0.613
0.319
0.673
0.692
0.673
0.553
0.466
0.390
0.722
0.728
0.447
0.763
0.569
0.460
0.777
0.692
0.471
0.474
0.673
0.431
0.000
0.619
0.308
0.564
0.717
0.578
0.610
0.744
0.610
0.760
0.311
0.632
0.308
0.406
0.569
0.610
0.613
0.676
0.613
0.599
0.687
0.460
0.728
0.569
0.390
0.717
0.659
0.545
0.553
0.368
0.545
0.474
0.790
0.619
0.621
0.354
0.469
0.722
0.621
0.717
0.657
0.670
0.368
0.319
0.640
0.621
0.779
0.545
0.673
0.673
0.619
0.313
0.689
0.689
0.643
0.431
0.730
0.657
0.703
0.313
0.354
0.719
0.621
0.703
0.779
0.512
0.572
0.613
0.760
0.406
0.469
0.485
0.422
0.431
0.332
0.474
0.512
0.804
0.613
0.390
0.545
0.673
0.243
0.728
0.599
0.681
0.512
0.561
0.659
0.706
0.711
0.763
0.569
0.512
0.431
0.760
0.471
0.392
0.406
0.695
0.368
0.681
