0.200
0.220
0.300
0.240
0.180
0.170
0.230
0.220
0.160
0.140
0.220
0.140
0.230
0.230
0.150
0.250
0.180
0.210
0.200
0.150
0.210
0.160
0.220
0.160
0.250
0.170
0.190
0.190
0.210
0.280
0.230
0.160
0.200
0.170
0.180
0.130
0.240
0.230
0.120
0.190
0.190
0.190
0.180
0.150
0.140
0.230
0.120
0.170
0.190
0.150
0.140
0.190
0.200
0.230
0.120
0.200
0.160
0.170
0.200
0.250
0.180
0.200
0.250
0.190
0.170
0.120
0.200
0.210
0.180
0.230
0.120
0.170
0.200
0.240
0.170
0.130
0.210
0.160
0.200
0.250
0.170
0.190
0.200
0.170
0.200
0.200
0.190
0.210
0.140
0.180
0.220
0.180
0.140
0.170
0.140
0.190
0.200
0.190
0.180
0.230
0.190
0.120
0.220
0.210
0.170
0.150
0.170
0.150
0.240
0.210
0.240
0.160
0.160
0.140
0.120
0.190
0.170
