0.230
0.240
0.200
0.160
0.230
0.150
0.190
0.170
0.220
0.250
0.170
0.230
0.230
0.180
0.210
0.210
0.270
0.230
0.110
0.170
0.250
0.220
0.180
0.200
0.160
0.240
0.250
0.230
0.250
0.160
0.240
0.220
0.180
0.240
0.270
0.230
0.160
0.180
0.230
0.200
0.190
0.190
0.260
0.210
0.230
0.180
0.190
0.150
0.220
0.240
0.230
0.230
0.230
0.230
0.230
0.230
0.220
0.150
0.190
0.220
0.210
0.260
0.220
0.220
0.180
0.200
0.230
0.210
0.220
0.230
0.230
0.150
0.260
0.220
0.150
0.190
0.200
0.190
0.190
0.160
0.270
0.190
0.200
0.180
0.230
0.230
0.160
0.200
0.250
0.220
0.180
0.270
0.200
0.180
0.200
0.200
0.200
0.160
0.180
0.170
0.170
0.200
0.240
0.200
0.180
0.170
0.240
0.140
0.220
0.210
0.160
0.200
0.200
0.230
0.200
0.190
0.220
