0.160
0.230
0.180
0.260
0.200
0.160
0.250
0.200
0.260
0.290
0.240
0.230
0.250
0.220
0.200
0.260
0.290
0.200
0.190
0.200
0.250
0.260
0.220
0.270
0.210
0.240
0.240
0.170
0.280
0.210
0.240
0.220
0.240
0.170
0.290
0.250
0.260
0.220
0.270
0.240
0.280
0.240
0.280
0.200
0.230
0.220
0.190
0.160
0.270
0.250
0.230
0.170
0.190
0.230
0.270
0.310
0.220
0.160
0.240
0.230
0.170
0.210
0.240
0.270
0.170
0.160
0.160
0.230
0.230
0.180
0.270
0.160
0.210
0.210
0.180
0.230
0.250
0.270
0.270
0.210
0.320
0.240
0.180
0.170
0.310
0.160
0.240
0.250
0.290
0.230
0.220
0.290
0.240
0.170
0.240
0.200
0.230
0.240
0.220
0.230
0.210
0.160
0.230
0.250
0.170
0.200
0.170
0.220
0.210
0.230
0.260
0.270
0.270
0.230
0.160
0.240
0.250
