0.089,0.134,0.174
0.096,0.155,0.189
0.096,0.150,0.180
0.079,0.120,0.151
0.082,0.098,0.186
0.089,0.131,0.211
0.077,0.109,0.177
0.082,0.114,0.161
0.079,0.120,0.151
0.086,0.142,0.186
0.086,0.106,0.155
0.086,0.106,0.155
0.084,0.117,0.170
0.079,0.117,0.158
0.084,0.131,0.189
0.089,0.123,0.170
0.077,0.114,0.186
0.077,0.112,0.151
0.089,0.131,0.211
0.082,0.142,0.167
0.082,0.134,0.183
0.089,0.155,0.186
0.077,0.112,0.151
0.086,0.112,0.164
0.082,0.114,0.180
0.070,0.131,0.196
0.084,0.112,0.174
0.091,0.131,0.167
0.084,0.117,0.170
0.084,0.114,0.177
0.082,0.120,0.167
0.077,0.109,0.177
0.084,0.112,0.174
0.091,0.163,0.208
0.084,0.128,0.170
0.079,0.117,0.158
0.096,0.150,0.180
0.082,0.123,0.167
0.091,0.123,0.142
0.108,0.153,0.177
0.086,0.112,0.164
0.084,0.117,0.170
0.082,0.123,0.167
0.084,0.136,0.183
0.096,0.131,0.164
0.074,0.123,0.158
0.089,0.144,0.189
0.084,0.142,0.189
0.084,0.136,0.183
0.070,0.109,0.180
0.091,0.131,0.167
0.070,0.109,0.180
0.084,0.117,0.177
0.070,0.109,0.164
0.096,0.134,0.192
0.096,0.150,0.180
0.086,0.120,0.180
0.079,0.117,0.158
0.096,0.150,0.180
0.089,0.112,0.158
0.084,0.117,0.170
0.084,0.112,0.174
0.086,0.117,0.186
0.082,0.120,0.167
0.089,0.144,0.189
0.072,0.134,0.170
0.079,0.125,0.167
0.084,0.128,0.170
0.094,0.153,0.208
0.096,0.136,0.199
0.091,0.142,0.199
0.086,0.117,0.186
0.084,0.117,0.170
0.108,0.153,0.177
0.089,0.123,0.170
0.089,0.150,0.196
0.079,0.136,0.205
0.077,0.106,0.177
0.079,0.125,0.211
0.091,0.128,0.192
0.072,0.134,0.170
0.103,0.136,0.186
0.086,0.123,0.161
0.077,0.120,0.177
0.089,0.136,0.202
0.096,0.131,0.164
0.089,0.144,0.189
0.079,0.104,0.126
0.103,0.136,0.186
0.084,0.104,0.158
0.070,0.139,0.192
0.077,0.112,0.151
0.086,0.120,0.167
0.091,0.131,0.167
0.089,0.147,0.180
0.077,0.125,0.186
0.084,0.117,0.177
0.077,0.112,0.158
0.082,0.120,0.167
0.094,0.153,0.208
0.103,0.153,0.177
0.082,0.114,0.180
0.086,0.117,0.186
0.089,0.142,0.208
0.082,0.114,0.180
0.084,0.142,0.189
0.089,0.136,0.202
0.084,0.112,0.174
0.084,0.128,0.170
0.079,0.117,0.158
0.089,0.150,0.196
0.079,0.104,0.126
