0.151,0.510,0.451
0.254,0.343,0.574
0.129,0.322,0.347
0.168,0.351,0.508
0.120,0.403,0.369
0.084,0.346,0.356
0.187,0.428,0.555
0.230,0.392,0.536
0.168,0.351,0.508
0.209,0.351,0.470
0.163,0.365,0.562
0.163,0.365,0.562
0.144,0.512,0.650
0.177,0.286,0.438
0.194,0.392,0.549
0.127,0.335,0.382
0.281,0.392,0.549
0.242,0.384,0.536
0.084,0.346,0.356
0.158,0.373,0.413
0.314,0.253,0.369
0.146,0.286,0.372
0.242,0.384,0.536
0.151,0.313,0.527
0.312,0.428,0.410
0.259,0.191,0.543
0.079,0.409,0.502
0.141,0.384,0.265
0.144,0.512,0.650
0.216,0.297,0.445
0.149,0.351,0.454
0.187,0.428,0.555
0.079,0.409,0.502
0.233,0.403,0.479
0.199,0.338,0.483
0.177,0.286,0.438
0.129,0.322,0.347
0.225,0.425,0.565
0.103,0.373,0.659
0.305,0.245,0.473
0.151,0.313,0.527
0.144,0.512,0.650
0.225,0.425,0.565
0.125,0.371,0.584
0.211,0.270,0.508
0.146,0.289,0.580
0.125,0.180,0.565
0.151,0.343,0.483
0.125,0.371,0.584
0.189,0.253,0.284
0.141,0.384,0.265
0.189,0.253,0.284
0.305,0.466,0.549
0.134,0.387,0.599
0.149,0.262,0.662
0.129,0.322,0.347
0.118,0.354,0.353
0.177,0.286,0.438
0.129,0.322,0.347
0.261,0.346,0.429
0.144,0.512,0.650
0.079,0.409,0.502
0.319,0.401,0.536
0.149,0.351,0.454
0.125,0.180,0.565
0.350,0.349,0.527
0.281,0.332,0.000
0.199,0.338,0.483
0.254,0.234,0.558
0.223,0.335,0.464
0.165,0.373,0.341
0.319,0.401,0.536
0.144,0.512,0.650
0.305,0.245,0.473
0.127,0.335,0.382
0.110,0.414,0.502
0.153,0.390,0.331
0.113,0.420,0.571
0.170,0.275,0.464
0.189,0.346,0.688
0.350,0.349,0.527
0.187,0.259,0.543
0.129,0.387,0.606
0.206,0.343,0.319
0.156,0.286,0.587
0.211,0.270,0.508
0.125,0.180,0.565
0.182,0.371,0.315
0.187,0.259,0.543
0.144,0.313,0.401
0.221,0.232,0.372
0.242,0.384,0.536
0.182,0.436,0.539
0.141,0.384,0.265
0.300,0.441,0.394
0.192,0.351,0.420
0.305,0.466,0.549
0.199,0.264,0.413
0.149,0.351,0.454
0.254,0.234,0.558
0.259,0.439,0.584
0.312,0.428,0.410
0.319,0.401,0.536
0.245,0.436,0.423
0.312,0.428,0.410
0.151,0.343,0.483
0.156,0.286,0.587
0.079,0.409,0.502
0.199,0.338,0.483
0.177,0.286,0.438
0.110,0.414,0.502
0.182,0.371,0.315
