0.187,0.384,0.438
0.182,0.458,0.662
0.163,0.275,0.416
0.173,0.373,0.555
0.137,0.332,0.442
0.134,0.237,0.372
0.098,0.289,0.603
0.175,0.390,0.464
0.173,0.373,0.555
0.249,0.373,0.445
0.151,0.376,0.375
0.151,0.376,0.375
0.266,0.294,0.681
0.168,0.278,0.423
0.156,0.392,0.593
0.127,0.398,0.334
0.151,0.223,0.511
0.221,0.379,0.527
0.134,0.237,0.372
0.192,0.330,0.492
0.158,0.272,0.517
0.151,0.327,0.350
0.221,0.379,0.527
0.165,0.365,0.505
0.281,0.341,0.290
0.242,0.191,0.454
0.098,0.302,0.580
0.173,0.376,0.442
0.266,0.294,0.681
0.175,0.289,0.461
0.149,0.357,0.492
0.098,0.289,0.603
0.098,0.302,0.580
0.201,0.338,0.539
0.187,0.379,0.514
0.168,0.278,0.423
0.163,0.275,0.416
0.170,0.433,0.454
0.122,0.376,0.637
0.333,0.371,0.293
0.165,0.365,0.505
0.266,0.294,0.681
0.170,0.433,0.454
0.134,0.381,0.562
0.141,0.262,0.473
0.161,0.289,0.524
0.077,0.188,0.375
0.127,0.278,0.432
0.134,0.381,0.562
0.122,0.272,0.372
0.173,0.376,0.442
0.122,0.272,0.372
0.209,0.420,0.536
0.206,0.262,0.476
0.129,0.202,0.593
0.163,0.275,0.416
0.122,0.406,0.438
0.168,0.278,0.423
0.163,0.275,0.416
0.165,0.474,0.416
0.266,0.294,0.681
0.098,0.302,0.580
0.216,0.433,0.514
0.149,0.357,0.492
0.077,0.188,0.375
0.288,0.316,0.476
0.264,0.387,0.000
0.187,0.379,0.514
0.173,0.289,0.536
0.278,0.322,0.413
0.259,0.343,0.457
0.216,0.433,0.514
0.266,0.294,0.681
0.333,0.371,0.293
0.127,0.398,0.334
0.249,0.466,0.517
0.175,0.376,0.334
0.213,0.343,0.539
0.223,0.365,0.521
0.165,0.281,0.628
0.288,0.316,0.476
0.209,0.253,0.423
0.139,0.270,0.603
0.206,0.324,0.319
0.113,0.262,0.584
0.141,0.262,0.473
0.077,0.188,0.375
0.233,0.349,0.438
0.209,0.253,0.423
0.165,0.384,0.372
0.192,0.226,0.432
0.221,0.379,0.527
0.153,0.354,0.599
0.173,0.376,0.442
0.000,0.466,0.596
0.185,0.392,0.413
0.209,0.420,0.536
0.228,0.341,0.476
0.149,0.357,0.492
0.173,0.289,0.536
0.247,0.411,0.448
0.281,0.341,0.290
0.216,0.433,0.514
0.221,0.365,0.394
0.281,0.341,0.290
0.127,0.278,0.432
0.113,0.262,0.584
0.098,0.302,0.580
0.187,0.379,0.514
0.168,0.278,0.423
0.249,0.466,0.517
0.233,0.349,0.438
