0.141,0.322,0.435
0.163,0.414,0.423
0.125,0.256,0.372
0.177,0.368,0.514
0.074,0.302,0.413
0.089,0.199,0.331
0.091,0.098,0.662
0.144,0.338,0.382
0.177,0.368,0.514
0.173,0.411,0.423
0.139,0.362,0.404
0.139,0.362,0.404
0.228,0.183,0.666
0.144,0.240,0.315
0.201,0.351,0.577
0.103,0.398,0.347
0.153,0.191,0.527
0.216,0.232,0.521
0.089,0.199,0.331
0.161,0.305,0.495
0.161,0.262,0.293
0.118,0.262,0.297
0.216,0.232,0.521
0.137,0.283,0.476
0.302,0.240,0.467
0.247,0.150,0.473
0.074,0.286,0.502
0.149,0.322,0.265
0.228,0.183,0.666
0.146,0.308,0.429
0.120,0.234,0.524
0.091,0.098,0.662
0.074,0.286,0.502
0.194,0.420,0.495
0.170,0.270,0.476
0.144,0.240,0.315
0.125,0.256,0.372
0.216,0.000,0.432
0.120,0.406,0.609
0.331,0.259,0.262
0.137,0.283,0.476
0.228,0.183,0.666
0.216,0.000,0.432
0.120,0.387,0.584
0.182,0.308,0.404
0.161,0.308,0.508
0.079,0.153,0.322
0.072,0.283,0.423
0.120,0.387,0.584
0.185,0.210,0.315
0.149,0.322,0.265
0.185,0.210,0.315
0.211,0.349,0.618
0.194,0.000,0.498
0.113,0.185,0.577
0.125,0.256,0.372
0.122,0.425,0.243
0.144,0.240,0.315
0.125,0.256,0.372
0.221,0.327,0.445
0.228,0.183,0.666
0.074,0.286,0.502
0.216,0.392,0.454
0.120,0.234,0.524
0.079,0.153,0.322
0.290,0.362,0.435
0.223,0.294,0.000
0.170,0.270,0.476
0.120,0.128,0.508
0.173,0.259,0.341
0.170,0.316,0.293
0.216,0.392,0.454
0.228,0.183,0.666
0.331,0.259,0.262
0.103,0.398,0.347
0.177,0.433,0.461
0.158,0.398,0.407
0.269,0.259,0.530
0.120,0.324,0.379
0.115,0.213,0.606
0.290,0.362,0.435
0.161,0.180,0.322
0.101,0.213,0.593
0.209,0.278,0.271
0.120,0.193,0.536
0.182,0.308,0.404
0.079,0.153,0.322
0.125,0.357,0.464
0.161,0.180,0.322
0.118,0.264,0.000
0.216,0.153,0.199
0.216,0.232,0.521
0.101,0.390,0.565
0.149,0.322,0.265
0.158,0.425,0.580
0.201,0.322,0.407
0.211,0.349,0.618
0.206,0.245,0.558
0.120,0.234,0.524
0.120,0.128,0.508
0.199,0.447,0.394
0.302,0.240,0.467
0.216,0.392,0.454
0.221,0.253,0.341
0.302,0.240,0.467
0.072,0.283,0.423
0.120,0.193,0.536
0.074,0.286,0.502
0.170,0.270,0.476
0.144,0.240,0.315
0.177,0.433,0.461
0.125,0.357,0.464
